6.400000000000000000e+01
8.450000000000000000e+01
8.350000000000000000e+01
8.550000000000000000e+01
8.300000000000000000e+01
7.850000000000000000e+01
7.250000000000000000e+01
8.200000000000000000e+01
8.200000000000000000e+01
8.100000000000000000e+01
8.300000000000000000e+01
8.500000000000000000e+01
8.350000000000000000e+01
8.400000000000000000e+01
7.950000000000000000e+01
8.400000000000000000e+01
8.200000000000000000e+01
8.100000000000000000e+01
8.250000000000000000e+01
8.950000000000000000e+01
