0.000000000000000000e+00
4.500000000000000000e+00
9.000000000000000000e+00
1.400000000000000178e+01
1.300000000000000000e+01
1.550000000000000000e+01
1.750000000000000000e+01
2.000000000000000000e+01
2.450000000000000000e+01
2.600000000000000000e+01
2.700000000000000000e+01
2.450000000000000000e+01
2.849999999999999645e+01
2.450000000000000000e+01
2.800000000000000355e+01
2.849999999999999645e+01
3.000000000000000000e+01
2.450000000000000000e+01
3.200000000000000000e+01
3.850000000000000000e+01
