3.300000000000000000e+01
5.749999999999999289e+01
6.450000000000000000e+01
6.600000000000000000e+01
6.700000000000000000e+01
6.800000000000000000e+01
6.750000000000000000e+01
7.300000000000000000e+01
6.850000000000000000e+01
6.950000000000000000e+01
6.950000000000000000e+01
7.700000000000000000e+01
7.350000000000000000e+01
7.800000000000000000e+01
7.250000000000000000e+01
7.900000000000000000e+01
7.450000000000000000e+01
7.300000000000000000e+01
7.500000000000000000e+01
7.500000000000000000e+01
