52
[[517.33, 535.64, 538.7, 540.73, 563.62, 556.5, 574.81, 557.52, 552.94, 583.97, 522.42, 527.51, 557.52, 546.33, 566.17, 555.48, 524.96, 561.59, 502.58, 512.24, 536.15, 538.19, 529.54, 573.8, 549.38, 550.91, 547.34, 517.84, 492.41, 489.35, 510.72, 568.71, 586.51, 563.62, 563.11, 552.43, 532.08, 542.26, 548.36, 579.9, 591.09, 610.42, 603.81, 642.98, 625.68, 619.58, 657.73, 651.12, 654.17, 612.46, 630.77, 624.66, 636.87],
[1788.92, 1794.28, 1782.58, 1826.96, 1895.24, 1879.14, 1832.32, 1789.4, 1865.49, 1893.78, 1826.47, 1937.18, 1981.56, 2105.44, 2049.84, 1990.34, 1953.28, 1915.72, 1843.54, 1898.65, 1898.16, 1885.97, 1825.01, 1930.35, 1966.93, 2031.31, 2053.26, 1977.17, 1866.95, 1848.42, 1759.66, 1718.69, 1738.2, 1902.07, 1927.43, 1934.25, 2006.44, 2063.01, 2170.31, 2075.69, 2240.54, 2352.71, 2619, 2395.63, 2497.07, 2609.25, 2626.8, 2628.75, 2536.09, 2413.19, 2521.46, 2694.11, 2653.14],
[651.5, 636.5, 667.5, 722, 747.5, 732.5, 734, 669, 700, 705.5, 659.5, 631.5, 669.5, 701, 694.5, 689, 682, 746, 722.5, 722.5, 748, 749.5, 750.5, 769, 818.5, 800, 819, 883, 825, 859, 825, 772, 774, 823, 885, 890, 856.5, 852, 888, 852, 900, 945, 979, 1023, 1016, 1106, 1060, 1058, 1100, 1165, 1178, 1220, 1280],
[509.5, 536.5, 512, 516.5, 530.5, 531, 528, 525.5, 540, 590, 537.5, 553.5, 579.5, 585, 584.5, 577.5, 560.5, 573.5, 571.5, 563.5, 554.5, 571, 563, 573.5, 582, 571.5, 599.5, 581, 542, 555.5, 517.5, 501, 484, 500, 512.5, 500, 490, 496.5, 511, 480, 465, 464, 485, 522, 540, 556, 564, 573, 595, 582, 579, 623.5, 637],
[331.88, 337.75, 330.87, 324.13, 325.25, 312.87, 313.87, 306.25, 339.5, 345.38, 337.13, 334.13, 336.25, 334, 329.13, 328.5, 338.75, 377.5, 362.25, 360.38, 365, 391.87, 392.38, 419.62, 412.12, 437.88, 431.62, 424.5, 405, 404.25, 421.25, 387.5, 393.25, 408.75, 423.75, 437.75, 421.25, 435, 444.25, 433.5, 396.75, 401, 400, 433.5, 443.75, 477.25, 476.75, 479, 489, 490.75, 495.5, 492, 487.5],
[257.5, 257.12, 279.12, 286.25, 313.25, 311.12, 309.62, 283.75, 302.88, 303.13, 292.25, 298, 307.87, 308.5, 309.75, 305.25, 321.62, 354.5, 345.63, 351.25, 358.13, 365.5, 361.5, 385.87, 416, 420, 404.75, 407, 384, 376.5, 378, 372.5, 358.75, 361.25, 393.25, 428.75, 400.5, 401.75, 413.25, 400.75, 435.75, 419.5, 471.5, 481.25, 482.75, 469, 457.5, 452.25, 449.25, 446.25, 445.25, 460.5, 456.25],
[124.07, 122.73, 120.72, 121.39, 120.72, 131.76, 134.1, 137.11, 140.12, 145.47, 146.14, 147.81, 155.5, 152.16, 168.21, 169.21, 160.52, 167.88, 168.88, 176.24, 176.9, 182.25, 180.58, 174.9, 177.57, 178.91, 172.89, 182.59, 174.56, 178.77, 174.77, 178.1, 181.77, 188.78, 193.78, 191.45, 184.11, 187.44, 193.45, 200.78, 216.13, 213.46, 216.46, 209.79, 207.45, 212.12, 207.95, 204.29, 197.12, 209.12, 206.79, 205.79, 199.95],
[907.5, 906, 915.5, 949.5, 975, 994, 990.5, 1024.5, 1027.5, 1075, 1047.5, 1045, 1053.5, 1042.5, 1061, 1090.5, 1108, 1170, 1097, 1107.5, 1064.5, 1055, 1060.5, 1136.5, 1120.5, 1115, 1137.5, 1105, 1032, 1025, 974, 965, 937, 940, 998, 961, 965, 1020, 1015, 900, 885, 867, 928, 971, 936, 918, 998, 977, 962, 1008, 982, 900, 940],
[685, 692.5, 694, 705.5, 724.5, 707.5, 713, 694, 708.5, 745, 692, 703.5, 750.5, 787.5, 825, 781, 771, 792.5, 791.5, 796.5, 800, 816.5, 819.5, 845.5, 873.5, 902.5, 932, 882, 845, 867, 854, 879.5, 866, 898, 903.5, 880, 866, 878, 899.5, 905, 828, 830.5, 869, 905, 912.5, 900, 917, 899, 898.5, 905.5, 963, 984, 963],
[343.25, 345.75, 353, 351.75, 369.75, 359.5, 367.75, 363, 375.75, 379.75, 352.75, 373.25, 393.75, 394.75, 404.25, 407, 411, 444.75, 418.75, 438.25, 438.75, 457.75, 434.75, 458.25, 478.25, 469.5, 461.25, 460.75, 434.25, 446.75, 414.75, 437, 433, 405, 431.25, 407.25, 399.5, 402.5, 403, 386.25, 403, 376.5, 407.5, 407, 393.5, 402.5, 430.5, 419, 413, 466.75, 438.5, 440.25, 445],
[308, 330, 322, 327, 321.5, 330.5, 343.5, 340, 333.5, 343.5, 330, 324.5, 301, 306, 302, 316, 335.5, 368, 345.5, 343.5, 347, 358.5, 359.5, 348.5, 341.5, 361.5, 355.5, 345, 332.5, 326, 326.5, 327.5, 327, 340, 328, 334, 335.5, 337.5, 338.5, 322, 316.5, 298.25, 299, 297, 303, 312, 346.5, 343, 357, 400, 382, 390, 382],
[649.5, 681.5, 694, 687.5, 706.5, 736, 725.5, 691, 732, 729, 702.5, 684.5, 679, 687.5, 662.5, 643, 610, 642.5, 612.5, 657.5, 651, 645, 686.5, 659, 692.5, 655, 652.5, 616, 615, 588.5, 590, 567, 548, 559, 560, 572, 556, 558.5, 590, 569, 527.5, 519, 523, 560, 559, 563.5, 555, 604, 596, 599, 610, 623, 614.5],
[298.31, 308.25, 302.11, 305.04, 312.06, 329.6, 332.82, 318.2, 323.17, 342.76, 331.94, 314.4, 321.71, 318.78, 302.7, 312.06, 293.63, 292.46, 300.36, 300.65, 303.28, 309.13, 303.57, 310.3, 309.13, 324.05, 356.22, 344.52, 315.86, 310.89, 315.27, 319.37, 312.35, 320.24, 322.88, 320.54, 316.15, 324.05, 333.41, 329.31, 339.25, 333.41, 332.24, 342.76, 332.82, 339.84, 372.3, 382.54, 370.26, 363.82, 357.09, 325.8, 327.56],
[585.5, 579.5, 577, 567, 576.5, 574, 585, 564.5, 597.5, 588, 486.5, 440, 439.5, 455, 427, 448, 460.5, 482.5, 442, 441, 449.5, 470, 457.5, 482.5, 464.5, 465.5, 445.5, 460, 416, 424.25, 423, 424, 433.5, 447, 463, 436, 445, 448, 458.5, 432, 378.5, 375, 342, 372, 365, 367, 414.5, 436, 441, 447.5, 448, 445, 432],
[307.12, 316.58, 314.48, 320.44, 316.93, 315.88, 315.88, 307.47, 329.9, 321.14, 313.08, 312.73, 344.63, 320.09, 291.34, 295.55, 297.3, 271.71, 267.5, 305.71, 282.93, 287.48, 275.21, 288.18, 289.24, 321.49, 313.43, 330.96, 325.7, 319.39, 326.05, 322.89, 316.93, 326.4, 332.01, 334.46, 329.55, 332.71, 342.88, 351.64, 379.51, 404.58, 416.85, 396.17, 404.58, 420.71, 437.53, 412.99, 428.77, 477.5, 457.17, 467.69, 462.78],
[483, 477.5, 479, 470.5, 516.5, 501.5, 491.5, 499, 561.5, 561.5, 559, 552.5, 563, 585.5, 599.5, 607.5, 595, 590.5, 558.5, 561.5, 539.5, 555, 522.5, 534.5, 525, 564, 565, 533, 473, 481.5, 481.5, 519, 527, 532.5, 542.5, 537, 527, 539, 555, 487, 501, 564, 619, 632, 625, 670.5, 665, 658, 710, 734, 745, 734, 738],
[266.5, 258.25, 259, 257, 276, 266.25, 276.75, 270.75, 266.5, 268.25, 260.75, 267.75, 281.75, 288.25, 292.5, 290, 292.5, 310.75, 301, 291.25, 287.5, 299.75, 284.75, 281.5, 290.25, 300, 310.5, 312.5, 302.5, 295.5, 294.75, 306.5, 309.5, 315, 313.5, 315, 309.5, 303.5, 307.5, 319.5, 352.5, 351.5, 368, 359, 362.5, 378.25, 388, 400, 416.5, 416, 395.5, 429.5, 440],
[497.3, 518, 517.49, 512.44, 608.37, 565.45, 598.77, 574.54, 583.63, 585.65, 595.74, 593.73, 615.43, 619.98, 613.42, 608.87, 590.7, 588.17, 583.12, 574.04, 553.84, 560.91, 561.92, 589.69, 579.08, 587.67, 611.4, 637.14, 574.54, 552.83, 549.8, 577.57, 568.48, 551.82, 590.7, 591.71, 575.55, 567.47, 567.47, 575.55, 568.48, 547.28, 552, 565, 590, 602.5, 636, 663, 668, 712.5, 695, 762, 739.5],
[128.95, 128.95, 125.06, 130.83, 131.84, 124.44, 119.67, 117.29, 123.31, 130.71, 124.94, 117.16, 124.31, 140.49, 136.73, 142.12, 151.66, 152.54, 152.91, 166.59, 166.21, 160.19, 158.43, 156.68, 159.94, 166.08, 174.49, 174.11, 173.11, 175.62, 177.62, 170.6, 169.85, 169.35, 165.21, 154.04, 150.53, 153.04, 151.16, 147.02, 123.94, 125.19, 123.43, 127.82, 134.72, 137.98, 135.73, 128.45, 118.54, 127.7, 133.72, 135.48, 133.03],
[1099, 1150.5, 1158.5, 1193.5, 1211.5, 1251.5, 1191.5, 1213, 1233.5, 1271, 1246, 1240, 1328.5, 1376.5, 1320, 1345.5, 1301, 1288, 1195.5, 1228.5, 1255.5, 1318, 1276.5, 1363, 1365, 1406, 1370, 1308, 1210, 1280, 1274, 1257, 1346, 1340, 1435, 1422, 1416, 1449, 1510, 1496, 1639, 1540, 1983, 1894, 1939, 1904, 1654, 1672, 1657, 1603, 1556, 1770, 1755],
[638.09, 646.65, 647.15, 668.81, 674.35, 665.28, 654.71, 647.66, 648.16, 688.45, 651.69, 612.4, 603.84, 621.47, 611.9, 599.81, 621.97, 642.12, 639.1, 643.63, 632.05, 667.8, 658.74, 677.37, 697.52, 709.6, 723.2, 726.22, 706.08, 725.22, 692.98, 705.57, 711.11, 720.18, 735.29, 752.41, 727.23, 748.38, 777.59, 758.45, 748.38, 749.39, 738.31, 763.49, 752.91, 766.01, 791.19, 802.77, 780.11, 781.12, 747.37, 776.58, 800.76],
[297.5, 299.5, 296, 311, 329.5, 324.5, 321, 307, 314, 326.5, 307, 298.5, 291, 286, 290.5, 300.5, 310, 331, 305, 303.5, 306, 317, 308.5, 304.5, 295.5, 302, 309, 301, 316.5, 306.5, 298.5, 291, 290.5, 302, 296, 288.5, 272.5, 270.5, 278.5, 272, 254.5, 260, 278.5, 285, 287, 289.5, 310, 338, 365, 362, 363, 351, 351],
[232, 236, 231, 234, 254, 244.5, 246.5, 239, 248.5, 249, 238, 235, 243, 248.5, 258.5, 253, 250, 248.5, 253.5, 260, 263, 256.5, 259, 262.5, 276.5, 283.5, 295, 300, 275, 266, 271.5, 272, 286, 274.75, 285, 279, 269, 267, 274, 275, 298.75, 285, 290, 284.5, 284.5, 289.25, 307.5, 317, 321, 336, 331, 330, 318.5],
[494, 513, 525.67, 561.17, 609.5, 599, 614.67, 624.17, 642.5, 630.17, 609.5, 616.17, 657.33, 666.83, 687.83, 706.83, 746, 777.17, 699, 701.5, 636.67, 680.33, 642.17, 656.83, 724.67, 722, 679, 638.67, 516.67, 517.33, 475, 492.33, 495, 524.33, 572.33, 528.33, 506.67, 513.33, 525, 456, 473.33, 473.33, 556.67, 559.67, 534, 591.67, 628.33, 613.67, 628.33, 634.67, 652.33, 631.33, 660.67],
[579.72, 579.31, 581.8, 580.97, 653.64, 650.32, 659.45, 673.57, 714.69, 705.13, 670.67, 693.92, 683.96, 730.88, 761.61, 785.7, 847.16, 903.22, 829.72, 837.19, 831.38, 830.96, 833.04, 822.66, 829.72, 835.95, 815.6, 786.11, 766.18, 744.17, 730.88, 704.3, 740.43, 735.86, 740.02, 792.34, 766.18, 779.88, 818.09, 768.26, 766.59, 744.17, 784.45, 816.43, 906.13, 875.4, 901.14, 926.06, 915.26, 884.53, 848.82, 909.45, 933.53],
[301.99, 296.91, 299.17, 289.29, 309.61, 317.52, 304.25, 289.29, 297.76, 289.01, 284.78, 294.65, 313.28, 309.9, 309.05, 329.09, 303.69, 301.43, 292.68, 302.56, 323.16, 322.31, 327.11, 309.05, 318.64, 315.26, 306.51, 313.28, 270.95, 282.24, 289.29, 302.56, 310.74, 321.75, 334.17, 335.3, 323.73, 325.98, 346.02, 360.7, 372.55, 375.37, 372.55, 368.04, 364.08, 355.62, 348.84, 325.98, 327.39, 328.52, 345.46, 324.29, 314.98],
[164.26, 168.82, 168.34, 167.58, 176.22, 174.6, 170.71, 164.64, 168.91, 165.59, 158.47, 149.93, 148.03, 148.51, 143.48, 152.21, 159.04, 155.06, 151.64, 154.11, 153.92, 154.39, 151.54, 160.09, 168.25, 164.45, 171.95, 166.06, 159.04, 156.48, 155.81, 151.83, 161.32, 161.32, 162.74, 166.06, 171.95, 177.45, 181.25, 178.4, 185.04, 171.57, 179.92, 174.41, 166.25, 171.19, 181.06, 184.85, 184.66, 197, 203.26, 201.55, 206.87],
[525, 522.5, 508, 495, 489.5, 490, 481, 467.5, 465.5, 546.5, 534, 579, 526, 532, 575, 572, 582.5, 641.5, 627.5, 619.5, 629.5, 658.5, 631.5, 651, 675.5, 689.5, 677.5, 655.5, 630.5, 587.5, 603.5, 546, 538.5, 545, 527.5, 524.5, 537, 539.5, 542.5, 536, 505, 473, 516, 556.5, 544, 535, 540, 549, 537.5, 601, 620, 583.5, 583.5],
[365.5, 367.5, 362, 359, 371, 366.5, 379, 376.5, 372.5, 370.5, 361.5, 390.5, 421.5, 437.5, 449.5, 457.5, 427.5, 435, 436.5, 441, 440.5, 456, 446, 457, 482.5, 476.5, 466.5, 488.5, 480, 464.5, 449.5, 470, 484, 486, 491.5, 483.5, 465, 467.5, 486, 500, 541, 490.5, 470.5, 493.5, 487.5, 492, 510, 508.5, 507.5, 538.5, 528.5, 518, 517.5],
[247.24, 251.79, 251.79, 262.96, 268.84, 267.89, 268.27, 269.22, 279.45, 275.09, 263.53, 258.42, 251.6, 270.92, 274.9, 259.93, 273.19, 278.31, 271.68, 274.9, 280.01, 289.49, 292.52, 304.07, 320.37, 320.18, 324.92, 313.36, 306.92, 326.62, 310.71, 312.6, 308.81, 316.39, 321.32, 310.71, 312.6, 317.91, 327, 335.34, 359.21, 350.49, 363.19, 377.02, 394.45, 393.12, 396.15, 377.77, 392.55, 431.2, 425.14, 409.98, 417.56],
[766.36, 776.8, 780.28, 798.17, 865.76, 863.77, 882.66, 896.07, 877.69, 857.31, 829.48, 842.4, 903.53, 929.37, 919.43, 936.33, 917.44, 939.31, 919.93, 910.49, 893.09, 896.07, 893.59, 934.34, 960.19, 1028.27, 1047.16, 1005.91, 981.06, 1010.88, 984.54, 980.07, 972.11, 969.13, 998.95, 994.48, 961.18, 976.59, 1017.84, 991.99, 1035.73, 1080.46, 1078.47, 1074.49, 1097.36, 1114.25, 1128.17, 1081.45, 1073.5, 1088.41, 1051.63, 1059.58, 1063.56],
[89.05, 88.48, 93.63, 98.33, 107.27, 103.15, 106.12, 95.92, 103.49, 99.94, 94.89, 92.95, 99.94, 99.59, 95.7, 95.81, 99.71, 103.95, 101.77, 102.69, 105.44, 107.5, 101.88, 104.75, 110.48, 112.66, 115.75, 116.67, 108.99, 110.71, 110.71, 114.61, 118.73, 116.32, 119.88, 119.99, 118.04, 121.48, 135.23, 127.44, 137.3, 137.53, 151.28, 152.08, 161.82, 161.48, 157.01, 159.76, 155.63, 165.72, 168.24, 174.43, 170.99],
[494.16, 501.7, 497.68, 497.18, 518.77, 511.24, 518.27, 504.71, 513.25, 537.35, 507.72, 500.19, 512.24, 567.49, 581.55, 568.99, 592.6, 595.11, 588.58, 578.53, 602.14, 611.18, 588.58, 610.67, 623.23, 666.92, 655.37, 632.77, 605.65, 612.68, 575.52, 602.64, 637.29, 632.77, 643.82, 607.66, 578.53, 612.68, 607.66, 590.59, 593.1, 572.51, 577.53, 596.61, 569.49, 586.57, 576.02, 583.56, 573.01, 585.56, 595.61, 597.62, 592.6],
[621.5, 652, 649.5, 655, 696.5, 708.5, 732.5, 731.5, 723.5, 743, 682.5, 678.5, 679.5, 739, 732, 725, 761, 804.5, 755.5, 767, 758, 789.5, 730.5, 749.5, 736, 728, 729, 727, 698, 687, 730, 733, 730, 740, 736, 682, 675, 691, 704, 727, 728, 719, 737, 780, 807.5, 820, 792.5, 767, 725.5, 720, 550, 570.5, 539.5],
[642.86, 650.45, 636.16, 637.5, 669.2, 631.25, 644.64, 629.91, 630.8, 631.25, 629.46, 620.98, 631.7, 606.7, 594.2, 593.3, 618.3, 695.54, 658.48, 673.66, 661.61, 667.86, 670.09, 681.25, 704.46, 712.95, 735.27, 729.46, 683.93, 691.97, 714.29, 703.13, 725.89, 738.39, 750, 750, 689.29, 706.25, 731.25, 690.18, 707.14, 687.5, 705.8, 732.14, 783.93, 783.04, 810.71, 885.71, 848.22, 881.25, 864.29, 861.61, 867.86],
[543.2, 552.33, 568.19, 587.9, 643.18, 635.01, 615.78, 573.96, 625.88, 591.27, 556.17, 559.06, 598.96, 586.94, 539.35, 563.87, 574.92, 598.96, 570.6, 578.77, 594.63, 612.42, 604.73, 607.61, 666.26, 654.24, 671.06, 660.49, 611.46, 619.15, 614.34, 629.72, 644.62, 612.42, 688.37, 695.1, 692.21, 692.21, 769.13, 749.9, 765.28, 733.07, 778.26, 787.87, 813.35, 851.81, 863.34, 878.73, 838.35, 899.88, 857.58, 869.11, 910.93],
[794, 807.5, 830.5, 859, 872.5, 896, 864.5, 853, 847.5, 894.5, 889, 895.5, 960.5, 937.5, 945.5, 945.5, 985.5, 973.5, 945, 966, 952.5, 967.5, 968.5, 973.5, 952.5, 998, 1027, 971, 917, 887.5, 852, 855, 835.5, 887, 957, 939, 904, 935, 988, 915, 917, 999, 995, 1006, 1002, 1063, 1108, 1059, 1099.5, 1120, 1134, 1209, 1250],
[541.25, 565.75, 559.5, 574.25, 620, 623.5, 604.5, 602, 598, 600.5, 571, 582, 583.5, 587.5, 600.5, 619, 605.5, 572.5, 543.5, 549.5, 556, 583.5, 572, 575, 507, 528.5, 629, 624.5, 560, 581, 580, 590, 610, 639, 621.5, 626, 597, 607, 621, 605, 640, 634, 634, 665, 670, 696, 712, 620, 578, 590, 612, 635, 624],
[200.5, 199.5, 204.5, 202.75, 209.75, 234, 228.5, 233.5, 231, 232, 218.5, 211, 222.5, 219, 206.5, 211.5, 212, 230, 212.5, 217, 220, 227, 235, 254.5, 259, 259, 264, 252.5, 235, 249.5, 244, 238, 259.5, 249.5, 259, 255, 248.5, 267, 281.25, 280, 299, 295.5, 287, 293, 282, 294.5, 311, 316.75, 329.5, 340.5, 354, 395.5, 407.5],
[573.02, 578.43, 614.86, 668.52, 675.9, 653.26, 670.49, 668.52, 678.36, 691.66, 650.3, 623.23, 594.68, 581.88, 583.35, 632.58, 625.2, 665.07, 616.34, 619.29, 615.35, 637.51, 663.1, 680.83, 717.75, 750.24, 741.87, 711.84, 644.89, 645.87, 626.67, 651.29, 690.18, 655.72, 704.95, 637.51, 623.72, 639.97, 671.47, 634.06, 580.89, 605.51, 539.54, 552.83, 606, 606.5, 608, 660, 632.5, 638.5, 652, 642.5, 670],
[288.31, 285.18, 277.13, 260.59, 261.93, 245.84, 269.53, 253, 245.84, 247.18, 234.67, 226.62, 206.06, 203.38, 219.47, 214.11, 231.99, 258.81, 257.46, 263.72, 270.43, 265.96, 277.58, 289.65, 308.42, 297.25, 295.01, 302.61, 276.69, 281.6, 268.64, 260.59, 261.49, 256.57, 259.7, 248.08, 252.55, 256.12, 266.85, 245.84, 216.79, 215, 229.3, 244.5, 225.28, 223.94, 244.06, 238.24, 259.25, 257.02, 254.78, 248.08, 244.5],
[944.5, 960, 970.5, 991.5, 1006, 1057.5, 1075.5, 1039, 1049.5, 1109, 1066.5, 1046.5, 1021.5, 1009, 1005.5, 992.5, 979, 1064.5, 1012.5, 999.5, 969.5, 1003, 980, 997.5, 976.5, 987.5, 992.5, 961, 800, 785, 765, 754, 738, 725, 784, 725.5, 718, 728.5, 768, 699, 733, 781, 815, 829, 802, 794, 847, 847, 802, 786, 803, 796, 789],
[349.93, 359.2, 376.54, 393.87, 422.09, 394.68, 387.83, 372.1, 387.42, 387.02, 358.4, 357.19, 370.89, 374.52, 387.02, 394.68, 397.1, 446.28, 425.32, 433.38, 409.59, 415.64, 424.11, 437.01, 477.73, 489.42, 516.03, 505.54, 458.78, 472.49, 460.39, 424.91, 420.88, 440.23, 488.61, 493.45, 474.5, 483.77, 498.29, 506.35, 542.23, 536.99, 569.24, 552.31, 567.63, 611.57, 625.68, 629.71, 602.3, 635.36, 624.07, 621.65, 630.92],
[482.91, 503.27, 529.17, 538.42, 577.28, 580.05, 566.64, 528.71, 583.75, 577.74, 539.35, 517.61, 575.43, 564.32, 583.29, 571.26, 593, 577.28, 551.37, 548.6, 544.43, 560.16, 568.49, 591.61, 649.9, 640.65, 636.02, 649.44, 588.38, 592.08, 608.73, 601.33, 626.31, 636.48, 710.03, 701.24, 686.44, 684.59, 740.1, 726.22, 799.3, 785.89, 861.29, 883.49, 869.61, 879.79, 885.8, 864.99, 839.55, 851.11, 853.89, 925.12, 933.45],
[1190.25, 1219.84, 1238.4, 1248.26, 1324.25, 1335.27, 1379.93, 1384.57, 1396.75, 1482.02, 1428.07, 1425.17, 1543.5, 1491.3, 1477.38, 1538.28, 1546.98, 1533.06, 1449.53, 1473.9, 1484.34, 1543.5, 1526.1, 1588.75, 1578.3, 1670.53, 1627.03, 1587.01, 1437.35, 1506.96, 1433.87, 1456.5, 1512.18, 1432.13, 1545.24, 1560.9, 1477.38, 1512.18, 1559.16, 1406.03, 1412.99, 1362.53, 1447.79, 1477.38, 1446.05, 1419.95, 1526.1, 1491.3, 1486.08, 1576.56, 1532.19, 1609.63, 1552.2],
[322.27, 327.23, 321.28, 338.64, 369.38, 363.92, 356.48, 344.59, 348.06, 366.4, 348.06, 361.44, 376.32, 420.44, 420.94, 432.84, 423.91, 434.82, 437.3, 437.8, 429.37, 421.93, 422.43, 461.6, 455.15, 452.18, 461.6, 472.01, 472.5, 494.32, 485.89, 492.34, 484.9, 492.83, 512.66, 505.72, 480.93, 494.32, 511.18, 485.89, 499.28, 501.26, 485.89, 464.07, 448.21, 443.25, 462.59, 475.97, 487.87, 485.89, 507.71, 514.65, 505.72],
[750.43, 747.96, 772.61, 782.46, 837.91, 871.18, 851.47, 836.68, 824.36, 819.43, 800.95, 808.83, 862.56, 866.26, 868.72, 872.42, 883.51, 909.88, 911.85, 903.22, 924.17, 895.83, 861.33, 887.2, 956.21, 977.16, 984.55, 988.25, 877.34, 887.2, 837.91, 831.51, 931.07, 872.42, 943.39, 933.53, 934.03, 936.49, 970.99, 887.2, 911.85, 941.42, 919.24, 961.14, 966.07, 1052.32, 1089.29, 1133.65, 1099.15, 1164.7, 1137.1, 1262.29, 1301.23],
[641, 681, 666.5, 675, 693.5, 705, 700, 695.5, 674.5, 665.5, 636, 646.5, 691.5, 728, 713, 741, 722.5, 740, 755, 738, 728.5, 737, 734.5, 742.5, 706, 717.5, 706, 695, 670, 704, 664, 673.5, 689, 714.5, 727, 741, 745, 736.5, 750, 738, 749, 779.5, 812, 808, 840, 845, 864, 865, 869, 894, 905, 914, 932],
[387.5, 378.5, 385, 388, 399.5, 396, 403.5, 399, 401, 411.5, 405.5, 416.5, 453, 443.5, 448, 455, 429.5, 433, 442.5, 453, 445, 437.5, 442.5, 435.5, 473.5, 463, 462.5, 442, 434, 432, 421, 433, 458.5, 471, 496, 498, 490.5, 497, 510, 540.5, 571, 560.5, 549, 576.5, 565, 555.5, 550.5, 521, 551.5, 583.5, 582.5, 585.5, 573.5],
[371.63, 364.8, 365.77, 355.05, 376.99, 374.55, 371.63, 361.87, 366.26, 379.92, 363.34, 381.38, 405.28, 437.95, 440.39, 438.93, 407.23, 433.08, 405.28, 416.98, 437.47, 457.46, 438.93, 444.78, 459.9, 471.12, 472.09, 462.34, 415.52, 430.15, 424.3, 446.98, 471.85, 466.24, 497.45, 514.52, 502.33, 521.84, 524.76, 521.84, 518.91, 523.79, 503.31, 502.33, 500.38, 506.72, 518.91, 487.7, 495.99, 554.03, 548.91, 539.4, 528.67],
[735.54, 753.12, 772.19, 744.58, 764.16, 783.24, 776.71, 784.75, 773.2, 743.07, 732.03, 780.73, 854.03, 872.11, 863.57, 887.67, 852.53, 825, 847.5, 848.5, 877.5, 865.5, 861.5, 864, 921, 926.5, 930.5, 933, 905, 863, 858, 896, 960, 964, 999.5, 1014, 991, 994, 991, 1018, 1061, 938, 982, 965, 950, 918, 917, 920, 947, 996, 1024, 992, 1025],
[185.49, 183.93, 181.07, 180.04, 182.63, 179, 177.44, 180.04, 174.58, 188.35, 180.55, 173.54, 175.88, 170.94, 182.11, 179.52, 180.04, 181.33, 185.23, 183.15, 181.07, 189.39, 194.32, 193.28, 196.66, 197.18, 193.8, 194.32, 189.91, 182.63, 181.85, 178.22, 177.96, 176.4, 184.97, 191.99, 187.05, 186.01, 187.05, 178.74, 180.29, 183.93, 183.41, 180.81, 184.45, 184.71, 193.28, 185.23, 188.35, 190.69, 184.97, 178.74, 177.7],
[781, 759, 757.5, 766.5, 773.5, 755.5, 766.5, 763.5, 777.5, 819, 806.5, 769.5, 739.5, 729.5, 728.5, 755.5, 795.5, 870, 840, 834, 831, 857.5, 869.5, 895, 928.5, 938.5, 967.5, 903, 860, 872.5, 835, 797, 777.5, 777, 895, 842.5, 828, 846, 860, 800.5, 755, 720, 765, 820, 853, 855, 900, 900, 862, 851, 875, 870, 837.5],
[827.5, 873.5, 917.5, 928.5, 1007.5, 1007.5, 1009, 947.5, 959, 928.5, 874, 916, 987.5, 973.5, 968.5, 964.5, 1001.5, 1051, 996.5, 1009, 832.5, 797.5, 794, 847.5, 860, 834, 828.5, 768, 637, 668, 639, 642, 682, 681, 770, 698, 654, 653, 654.5, 549, 560, 572, 673, 692, 702, 742, 895, 870, 899, 900.5, 880, 903, 972],
[117.67, 120.5, 121, 120, 126.83, 130.67, 125.33, 123.33, 125, 129.5, 121.83, 123.17, 133.5, 143, 140.33, 142.83, 139.67, 138.67, 134.83, 138.17, 139.33, 141.17, 145.33, 158.5, 157.5, 152.33, 157.17, 152, 155.83, 159, 155.33, 161.33, 161.67, 160.67, 172, 164.17, 161.33, 169, 168.08, 164.83, 170.83, 174.33, 177.67, 172.33, 170.67, 172.83, 173, 181, 179.33, 183.33, 197, 192.67, 192.67],
[382.37, 395.78, 403.11, 410.8, 422.35, 416.89, 416.76, 403.85, 410.93, 430.17, 423.59, 427.44, 440.48, 436.01, 422.35, 432.41, 456.49, 472.38, 441.34, 449.17, 426.57, 449.91, 427.94, 443.83, 443.08, 465.06, 477.22, 481.69, 444.45, 451.4, 457.36, 459.35, 469.28, 463.82, 504.04, 501.56, 482.93, 506.52, 521.92, 483.18, 492.12, 495.6, 481.2, 518.69, 498.58, 525.64, 556.18, 576.04, 552.21, 566.11, 561.15, 645.57, 625.7],
[583.17, 571.93, 588.79, 561.13, 591.82, 576.26, 598.3, 596.14, 567.61, 565.02, 540.38, 571.07, 627.27, 637.21, 604.79, 632.46, 599.6, 614.73, 611.71, 606.95, 595.28, 601.76, 592.25, 621.65, 660.56, 657.96, 638.51, 647.59, 629.43, 632.89, 613.87, 638.94, 639.81, 666.61, 658.83, 662.72, 660.99, 674.39, 693.41, 729.72, 756.53, 704.65, 697.3, 716.32, 717.62, 693.41, 705.08, 678.71, 696, 722.37, 765.6, 752.2, 753.93],
[54.4, 53.7, 54.2, 55, 57.3, 54.5, 53.7, 54.3, 57.3, 60.7, 57.3, 58.5, 59.8, 58.9, 60.2, 60.4, 61, 62.9, 62.5, 62.8, 62.5, 65.1, 63.5, 66.7, 65.8, 68.9, 68.6, 71.6, 67.8, 66.9, 66.4, 71.4, 74.6, 79.6, 80.4, 85, 87.6, 87.8, 92.55, 86.2, 97.8, 96, 95, 102.5, 106.4, 105.2, 109.2, 109.25, 112.3, 119.2, 121.7, 132.5, 124.4],
[762.39, 760.9, 758.42, 762.88, 795.64, 778.77, 806.56, 781.74, 780.75, 766.85, 745.51, 752.96, 785.22, 822.44, 819.96, 841.8, 848.75, 815, 818.47, 809.04, 806.56, 809.04, 777.77, 788.69, 802.09, 784.23, 794.65, 769.33, 734.59, 799.12, 783.73, 823.93, 833.86, 848.75, 866.12, 873.57, 878.53, 898.38, 869.6, 872.57, 934.12, 940.57, 990.21, 945.54, 959.93, 943.06, 992.69, 1003.61, 1059.2, 1074.09, 1087, 1105.86, 1121.74],
[477.5, 501.5, 498, 497, 477, 464, 472, 467.5, 465.5, 500.5, 484, 468.5, 454.5, 456.5, 435, 436, 433.5, 495.5, 445.5, 458, 452.5, 466, 483.5, 503, 504, 502.5, 520.5, 535, 510, 512, 495, 515, 510.75, 515, 484.5, 505, 488, 484, 507, 507, 468, 464.75, 475, 471, 492, 491, 529, 550, 505, 425.5, 462.5, 439, 435],
[105.15, 108.68, 108.98, 114.69, 118.09, 117.31, 118.98, 119.89, 121.26, 125.04, 124.96, 123.46, 126.12, 126.56, 127.47, 132.55, 135.5, 135.81, 129.91, 134.19, 130.11, 136.73, 134.44, 138.36, 136.12, 138.7, 138.96, 134.91, 133.28, 127.58, 128.74, 128.54, 132.7, 133.22, 139.46, 136.35, 132.84, 130.3, 138.28, 134.02, 137.32, 133.9, 140.64, 144.14, 145.24, 147.73, 148.46, 150.98, 150.24, 153.59, 152.41, 158.56, 154.96],
[280, 279, 259.5, 253.5, 255, 263, 266, 260.5, 270, 272.5, 262, 233.5, 220.5, 204, 212, 205, 218, 252, 248.5, 240.5, 233.5, 250, 250.5, 271.5, 282, 267.5, 276.5, 273, 242.5, 249.5, 233.5, 231.5, 228.5, 232, 251, 248.5, 248.5, 250.5, 261.5, 259.5, 234.5, 225, 219.5, 241, 257, 238, 260.5, 248.5, 244, 261.5, 288.5, 296.5, 289],
[260.37, 262.29, 260.5, 270.34, 280.12, 280.25, 286.66, 276.42, 282.56, 286.92, 284.74, 289.37, 296.63, 292.14, 288.84, 298.15, 294.19, 304.09, 290.49, 295.11, 288.44, 303.3, 299.21, 311.16, 313.47, 323.98, 319.35, 311.56, 295.64, 298.48, 297.42, 290.88, 298.35, 301.65, 313.21, 312.95, 306.54, 310.24, 323.84, 316.05, 322.79, 324.11, 338.44, 344.58, 346.23, 354.69, 364.2, 367.17, 372.26, 381.51, 391.08, 408.78, 405.75],
[133.92, 134.52, 133.91, 135.16, 140.16, 139.93, 138.76, 139.38, 140.78, 140.62, 139.61, 140.44, 140.6, 140.8, 141.2, 141.91, 142.14, 141.72, 142.72, 143.04, 143.77, 145.1, 146.02, 149.99, 150.66, 147.56, 146.89, 147.64, 148.61, 147.55, 148.29, 148.01, 149.16, 149.86, 150.49, 152.75, 152.95, 153.6, 154.75, 157.39, 156.09, 156.04, 156.54, 157.11, 158.79, 159.83, 159.54, 159.88, 161.03, 161.13, 162.08, 158.74, 159.19],
[345.5, 346.5, 336.5, 335.5, 320, 320.5, 321, 335, 336, 359.5, 350.5, 355, 332.5, 331, 345.5, 333.5, 348, 395, 401.5, 395, 393, 398, 422.5, 420.5, 422.5, 435.5, 441, 424.5, 395.5, 400.5, 400.5, 381, 364, 373, 385, 379, 390, 404.5, 408, 395.5, 350, 352.5, 356, 374.5, 392.5, 420.5, 443.5, 426.5, 428, 450, 456, 434, 430.5],
[494.5, 535, 517.5, 506.5, 544.5, 507, 520, 521, 523, 502, 516.5, 507.5, 527.5, 518.5, 475, 481.5, 486, 485.5, 489.5, 513.5, 500, 485.5, 514.5, 511, 505, 535.5, 533, 518, 495, 485.5, 481, 457, 465, 465, 463, 448, 452.5, 470, 467.5, 456.5, 434, 426.5, 436, 430.25, 419, 416, 449, 437, 461, 489, 470, 460, 462],
[613.49, 638.4, 639.19, 662.11, 645.51, 649.07, 648.28, 650.25, 632.47, 627.33, 634.44, 631.68, 614.68, 609.94, 611.12, 585.82, 575.15, 615.47, 622.58, 615.86, 609.54, 617.45, 641.56, 676.74, 656.18, 655.39, 678.32, 681.88, 667.25, 660.53, 634.44, 593.33, 575.15, 571.2, 566.45, 569.22, 567.24, 585.82, 586.22, 559.34, 511.9, 473.16, 475.14, 463.28, 450.63, 475.93, 500.83, 496.88, 525.74, 550.64, 548.27, 532.06, 517.04],
[111.84, 111.46, 110.13, 111.46, 114.31, 112.79, 115.83, 115.83, 112.79, 120.59, 112.41, 113.36, 104.99, 115.26, 117.92, 120.78, 126.86, 128.39, 132.95, 132.76, 132.95, 130.86, 131.43, 144.74, 138.66, 135.99, 138.28, 133.14, 122.49, 121.54, 114.12, 114.12, 107.27, 106.32, 109.18, 104.04, 99.28, 97.76, 101.76, 99.28, 96.62, 97, 100.81, 104.99, 106.32, 109.56, 111.08, 115.26, 109.37, 112.98, 108.41, 108.22, 110.32],
[553.04, 531.26, 547.6, 532.25, 529.28, 494.12, 491.65, 480.26, 355.49, 360.44, 363.91, 365.4, 366.39, 343.11, 351.04, 351.53, 366.88, 426.29, 392.13, 387.68, 391.64, 392.13, 398.57, 395.1, 405, 402.53, 394.61, 402.03, 422.33, 421.84, 411.44, 393.62, 397.58, 396.09, 417.38, 403.52, 404.51, 395.6, 392.63, 391.14, 385.2, 367.87, 363.91, 364.9, 355.99, 282.22, 279.24, 280.73, 287.66, 290.63, 285.68, 286.18, 281.23],
[352, 362, 341.5, 334.5, 331, 323.5, 324.5, 321.5, 302.5, 318, 293.5, 276.5, 265, 273.5, 277.5, 276, 284.5, 325, 306.5, 283.5, 289.5, 304, 310, 332.5, 346.5, 335.5, 332.5, 339.5, 316.5, 309.5, 305.5, 285.5, 268.5, 257.5, 257, 247.5, 247.5, 248.5, 262.5, 244, 240.5, 227.5, 218.5, 237.5, 265, 270.5, 295, 291.5, 275, 305.5, 302.5, 292.5, 293.5],
[396.5, 418, 399.5, 395.5, 398.5, 397.5, 400.5, 399.5, 412.5, 436.5, 459.5, 448.5, 424.5, 430, 434.5, 434.5, 450, 472.5, 490, 469.5, 461.5, 492.5, 469, 465.5, 458.5, 493.5, 500.5, 498, 469.5, 464, 442, 426.5, 427.5, 415, 466, 456.5, 455, 453, 451.5, 472.5, 502.5, 472.5, 474, 468.5, 468.5, 458, 484, 504.5, 485, 484, 525.5, 535.5, 555],
[735.46, 729.21, 733.06, 734.5, 718.64, 690.76, 730.65, 752.29, 733.06, 731.62, 725.85, 714.79, 725.37, 726.33, 736.9, 761.9, 735.46, 768.63, 798.91, 797.95, 787.86, 787.38, 788.34, 819.58, 850.83, 859.48, 860.44, 859, 863.33, 825.83, 855.15, 871.5, 853.23, 834.48, 851.31, 846.98, 843.62, 863.81, 886.4, 911.88, 929.18, 952.73, 1016.67, 1033.49, 1051.76, 1049.35, 1063.29, 1007.05, 1057.53, 1059.93, 1080.12, 1108, 1121.94],
[574.02, 584.7, 605.83, 613.78, 640.86, 613.03, 606.82, 577.75, 574.52, 579.98, 555.88, 535.5, 554.14, 550.66, 526.5, 556, 563.5, 577, 553.5, 547.5, 557.5, 576, 607, 586, 614.5, 600.5, 582.5, 600, 536, 494, 500, 509, 490, 450, 481, 465, 473, 494, 535, 499, 472, 435, 461.5, 491, 486, 496, 518, 544, 543, 530, 506, 500, 498],
[323.36, 317.08, 305.02, 295.37, 358.59, 365.83, 379.34, 373.07, 367.76, 390.93, 365.35, 382.24, 376.45, 377.41, 361, 347.49, 380.31, 386.1, 416.51, 423.26, 418.92, 418.44, 415.54, 420.37, 444.02, 472.01, 466.7, 459.46, 456.08, 452.7, 437.74, 417.47, 394.79, 409.27, 406.37, 414.09, 425.68, 427.12, 430.5, 427.12, 416.02, 452.7, 519.79, 532.34, 515.44, 553.57, 517.37, 508.2, 534.75, 523.65, 510.13, 498.55, 475.39],
[211.75, 206.61, 200.04, 209.67, 209.89, 207.92, 220.62, 232.88, 223.69, 232.01, 223.9, 226.53, 203.32, 221.71, 216.57, 216.79, 232.44, 270.33, 276.68, 259.38, 264.52, 286.2, 281.28, 286.42, 315.66, 308.54, 309.31, 305.91, 302.85, 292.55, 287.96, 280.73, 282.26, 282.7, 286.42, 272.19, 272.63, 273.72, 279.63, 284.23, 251.39, 264.96, 269.34, 292.33, 298.03, 315.11, 321.68, 346.86, 350.58, 341.17, 348.83, 354.74, 346.86],
[117.74, 117.74, 122.9, 124.92, 127.39, 126.71, 125.7, 125.14, 130.3, 131.09, 130.08, 128.06, 130.19, 129.85, 129.85, 126.49, 126.94, 135.57, 131.76, 136.58, 139.38, 143.98, 146.34, 148.13, 156.09, 154.07, 171.23, 170.45, 156.99, 159.23, 162.15, 161.92, 163.72, 166.97, 178.97, 180.31, 176.61, 181.21, 187.27, 179.42, 189.51, 188.39, 201.84, 199.83, 196.24, 198.48, 210.14, 210.59, 219.79, 235.26, 231.22, 239.75, 241.54],
[378.5, 380.5, 364, 363, 358, 377.5, 368, 352, 348.5, 374.5, 368, 343, 302.5, 307, 328.5, 332, 337.5, 377.5, 374.5, 357, 340.5, 375.5, 382, 399.5, 412.5, 414, 443, 431, 413.5, 396, 396.5, 377.5, 367.5, 359, 385, 390.5, 404.5, 405.5, 408.5, 416, 391, 385.5, 379.5, 406.5, 408.5, 408.5, 427, 458.5, 454.5, 456, 450, 435.5, 422],
[557.32, 594.25, 608.8, 641.25, 665.87, 649.08, 658.04, 644.61, 634.54, 643.49, 627.82, 633.42, 621.11, 641.25, 639.01, 641.25, 643.49, 669.23, 639.01, 633.42, 609.92, 604.32, 600.96, 621.11, 649.08, 646.85, 644.61, 639.01, 510.32, 487.93, 490.17, 457.72, 474.5, 470.03, 475.62, 391.69, 355.88, 360.35, 363.71, 307.76, 331.26, 313.35, 326.78, 337.97, 380.5, 370.43, 474.5, 500.24, 504.72, 480.1, 486.81, 486.81, 505.84],
[404.48, 412.44, 411.44, 425.37, 435.82, 423.88, 438.31, 449.75, 446.77, 436.82, 450.25, 448.76, 440.8, 435.82, 435.32, 443.28, 458.71, 456.72, 446.27, 452.74, 401.49, 434.83, 426.37, 405.97, 413.43, 401.99, 387.06, 361.19, 301.99, 321.89, 296.02, 295.02, 290.55, 289.05, 319.9, 289.55, 281.59, 284.08, 285.57, 243.78, 273.63, 259.2, 268.66, 298.01, 279.6, 292.54, 307.96, 297.51, 301.99, 315.42, 310.95, 304.97, 309.95],
[214.05, 219.14, 219.14, 220.37, 225.46, 228.11, 226.99, 224.75, 222.61, 221.08, 212.42, 214.77, 212.12, 211.61, 214.56, 212.83, 214.15, 213.95, 217.01, 219.55, 216.8, 220.77, 222.5, 224.95, 227.19, 231.57, 234.32, 234.62, 235.54, 232.38, 233.3, 235.44, 235.44, 236.46, 243.28, 245.11, 244.6, 245.01, 250, 253.05, 260.39, 264.36, 260.49, 264.15, 268.64, 273.22, 279.02, 277.49, 284.93, 287.27, 284.32, 283.6, 280.96],
[337.29, 333.86, 332.14, 326.57, 334.71, 335.14, 348.43, 339.43, 339.86, 340.29, 335.57, 324.86, 318.43, 319.71, 331.29, 342, 345, 330.43, 333, 337.71, 327, 319.71, 306, 299.14, 297.43, 297.43, 297.43, 296.57, 286.29, 266.14, 265.29, 241.71, 230.57, 227.14, 252, 267.86, 270.43, 273.86, 280.71, 261, 256.29, 260.14, 236.57, 242.14, 244.71, 232.71, 252.86, 247.29, 231, 182.14, 174, 159.43, 154.29],
[1047.2, 1054.7, 1050.9, 1069.1, 1106.1, 1100, 1091.2, 1094.8, 1103.7, 1109.3, 1101.5, 1112, 1124.3, 1119.1, 1122.2, 1131.4, 1126.9, 1123.9, 1132.8, 1126.2, 1133.3, 1141, 1149, 1171.3, 1181.2, 1200.5, 1188.7, 1179, 1184, 1184.1, 1181.8, 1179.1, 1189, 1193.5, 1196.5, 1216.8, 1216.6, 1223.2, 1230.3, 1245.9, 1236.7, 1237.1, 1241.4, 1238.1, 1257.5, 1252.4, 1245.1, 1255.2, 1265.3, 1269.8, 1267.6, 1285.2, 1284.4],
[1451.9, 1461.15, 1467.25, 1472.25, 1503, 1542.4, 1547.95, 1554.4, 1558.5, 1573.95, 1544.5, 1546.65, 1566.55, 1534.4, 1538.15, 1545.75, 1551.65, 1574.45, 1554.4, 1560.95, 1512.05, 1549.8, 1540.35, 1562.25, 1604.65, 1643.95, 1648.3, 1624.2, 1557.65, 1537.3, 1516.8, 1513.55, 1509.95, 1517.7, 1548.1, 1523.9, 1534.8, 1543.3, 1574.75, 1538.7, 1591.9, 1582.8, 1652.6, 1670.75, 1671.9, 1697.65, 1728.35, 1736.55, 1759.5, 1801.7, 1800.75, 1794.4, 1795.85],
[190.01, 190.71, 191.21, 194.61, 200.8, 200.4, 202.3, 199.5, 202.6, 204.99, 203.2, 203.6, 205.89, 205.89, 204.7, 208.29, 210.39, 215.68, 211.49, 213.69, 208.49, 216.78, 215.28, 219.48, 221.78, 225.37, 225.27, 220.78, 209.79, 208.89, 206.79, 206.49, 208.79, 209.79, 218.38, 216.58, 212.99, 213.89, 221.18, 212.99, 220.78, 218.28, 227.27, 229.37, 226.57, 230.47, 233.17, 234.37, 234.87, 239.86, 238.46, 245.25, 244.26],
[39.28, 39.9, 39.96, 40.85, 42.14, 41.35, 42.81, 44.63, 44.1, 43.59, 43.93, 44.4, 43.04, 42.54, 42.52, 43.65, 45.55, 46.25, 43.51, 43.8, 37.35, 39.78, 39.28, 38.36, 38.81, 37.85, 37.18, 34.7, 30.41, 31.82, 29.56, 29.49, 29.22, 29, 30.72, 27.78, 27.38, 27.71, 28.11, 24.58, 26.43, 25.65, 28.37, 28.53, 27.6, 28.63, 30.57, 29.04, 29.34, 29.96, 29.62, 29.27, 29.43],
[139.65, 142.45, 142.85, 147.3, 151.85, 151.5, 153.3, 153.3, 157.2, 158.65, 157.5, 158.55, 159.15, 160.2, 158.2, 162.55, 165.55, 169.55, 163.4, 165.65, 155.75, 164.3, 160.4, 164.1, 165.05, 168.45, 166.25, 162.65, 155.35, 147.4, 143.05, 140.4, 143.2, 143.6, 148.95, 143.6, 141.65, 142.35, 149.65, 140.4, 143.5, 141.75, 148.35, 151.75, 150.2, 151.5, 153.2, 154.7, 153.5, 156.25, 156.6, 161, 159.35],
[103.02, 104.65, 103.7, 107.6, 111.2, 111.55, 113.7, 116.05, 117.1, 118.25, 118.25, 117.45, 119.25, 119.8, 121.55, 124.2, 127.7, 131, 125.65, 129.65, 127.3, 132.15, 131.45, 135.85, 135.65, 138.85, 138.95, 134.9, 134.6, 125.95, 127.9, 125.25, 125.15, 123.9, 127.1, 122.65, 118.95, 117.5, 123.8, 113.5, 114.6, 112.75, 118.85, 122.65, 123.3, 123.7, 123.1, 125.45, 124.1, 126.6, 127.5, 132.35, 128.55],
[76.36, 77.44, 78.49, 79.58, 82.67, 82.91, 82.67, 81.66, 82.75, 83.84, 81.12, 82.42, 84.64, 85.45, 85.38, 86.02, 86.39, 88.58, 86.3, 87.55, 84.81, 86.77, 85.52, 88.6, 91.05, 92.59, 93.24, 92.19, 87.67, 87.45, 85.94, 86.92, 87.68, 87.8, 92.5, 91.65, 90.37, 90.76, 93.45, 90.73, 94.59, 93.69, 99.21, 99.62, 99.79, 102.34, 102.67, 102.17, 102.38, 105.26, 104.89, 107.14, 107.83],
[411.47, 417.2, 422.22, 426.69, 439.19, 442.9, 440.59, 434.76, 440, 446.53, 429.71, 433.74, 442.79, 446.71, 445.12, 449.65, 451.64, 460.91, 448.05, 452.82, 443.4, 453.2, 446.26, 461.68, 475.15, 483.24, 485.19, 478.16, 452.02, 452.16, 444.56, 451.01, 454.35, 452.46, 479.58, 473.51, 464.28, 467.34, 482.69, 461.91, 480.59, 473.68, 502.07, 506.8, 506.57, 519.2, 521.88, 519.77, 519.2, 532.9, 531.27, 539.31, 542.39],
[242.9, 246.67, 246.03, 255.45, 262.28, 262.78, 265.56, 263.7, 271.06, 277.35, 274.44, 275.1, 280.05, 285.52, 279.19, 287.47, 290.98, 297.12, 286.57, 292.15, 286.82, 298.79, 293.41, 302.52, 301.37, 307.6, 306.79, 296.84, 287.81, 281.04, 279.11, 274.09, 280.58, 280.99, 293.99, 286.85, 278.42, 278.88, 294.2, 281.98, 290.54, 287.61, 299.61, 306.32, 305.33, 313.49, 318.46, 320.94, 319.48, 325.57, 326.18, 337.06, 332.59],
[235.59, 230.2, 238.04, 243.92, 264, 270.37, 279.18, 267.43, 274.78, 268.9, 264.98, 266.94, 268.9, 270.86, 279.18, 273.31, 311.51, 308.08, 304.65, 313.96, 311.51, 299, 298, 286.5, 308.5, 307, 301, 317.5, 317, 301, 301.8, 321, 318, 329.7, 359.5, 350, 350.5, 359, 368, 367, 406, 432, 469, 463.5, 463, 488.5, 542.5, 536.5, 582.5, 580, 602, 569, 576],
[438.6, 439.07, 416.74, 405.81, 400.58, 429.57, 424.82, 432.9, 431.47, 441.92, 438.12, 425.29, 408.66, 392.03, 408.66, 408.19, 413.41, 476.61, 467.11, 455.23, 447.63, 452.85, 455.71, 473.76, 487.54, 490.87, 500.37, 500.85, 486.12, 463.31, 447.15, 413.41, 423.87, 418.17, 433.85, 430.05, 436.7, 437.17, 443.35, 429.09, 394.41, 384.43, 373.97, 404.86, 387.75, 414.84, 432.9, 440.02, 432.42, 437.65, 434.32, 408.19, 407.24],
[215.01, 214.25, 216.3, 217.57, 221.53, 222.02, 222.97, 223.34, 224.92, 225.42, 225.56, 225.53, 225.9, 224.67, 227.45, 226.72, 231.85, 239.08, 235.91, 236.18, 227.62, 230.2, 228.61, 232.02, 235.81, 239.28, 236.27, 235.44, 227.92, 219.47, 219.6, 215.77, 218.68, 217.86, 222.82, 220.22, 219.78, 218.88, 223.76, 222.03, 221.81, 222.17, 225.65, 231.66, 232.55, 235.6, 239.83, 238.73, 242.6, 247.35, 248.8, 250.2, 251.85],
[55.94, 55.71, 55.52, 57.1, 58.63, 58.11, 58.43, 59.58, 60.57, 62.09, 61.52, 60.32, 60.75, 61.17, 62.37, 64.52, 66.04, 67.19, 65.28, 67.1, 66.71, 69.22, 67.65, 69.12, 68.33, 69.07, 70.54, 68.84, 68.09, 64.47, 64.18, 63.91, 65.09, 64.81, 67.81, 67.15, 64.83, 63.91, 67.42, 66.17, 67.86, 65.99, 69.31, 71.36, 72.3, 74.22, 75.17, 77.06, 75.75, 76.8, 77.11, 80.15, 78.87],
[103.5, 104.5, 104, 102, 102.25, 97.75, 100, 102.5, 103.25, 100, 98.5, 97.5, 102.5, 101.5, 100.5, 99.5, 100.5, 103.5, 97.5, 95.25, 79.5, 88, 82.75, 81.5, 82.5, 79.5, 75.75, 70.5, 55.25, 59, 57.5, 55.75, 51, 52, 60.5, 52, 51.5, 53.5, 54.25, 35.75, 40, 40, 51.5, 52.5, 47.5, 49.25, 53, 50.75, 50.5, 50.25, 50.25, 47.25, 48],
[688.34, 675.4, 668.43, 689.33, 687.34, 691.82, 682.86, 720.69, 694.31, 679.38, 677.88, 701.77, 763.99, 790.37, 782.4, 802.81, 755.53, 778.92, 767.97, 776.43, 809.78, 833.67, 833.67, 839.64, 884.93, 880.45, 861.54, 872.99, 865.52, 852.08, 862.54, 878.46, 894.39, 896.88, 932.22, 930.72, 921.27, 919.77, 927.24, 930.72, 961.08, 939.68, 927.24, 921.76, 904.84, 888.42, 895.88, 879.46, 888.42, 948.14, 974.02, 985.47, 988.96],
[106.7, 107.7, 108.65, 110.8, 115.4, 116.3, 115.7, 113.7, 114.55, 115.15, 111.15, 112.7, 115.9, 115.8, 114.35, 114.75, 115.5, 117.95, 116.4, 119.2, 116.8, 120.35, 118.5, 122.3, 127.15, 128.95, 131, 129.85, 123.95, 124.8, 122.6, 123.15, 125.7, 125.85, 133.05, 131.5, 129.55, 129.65, 133.6, 131.95, 138.95, 135.35, 144.35, 144.85, 142.8, 147.95, 146.65, 145.5, 147.05, 151.9, 150.55, 154.9, 156.05],
[483.5, 500, 482.5, 467.5, 464.5, 484, 483.5, 468.5, 464, 463.5, 450, 468.5, 455, 461.5, 478, 523.5, 506.5, 536.5, 547.5, 520, 526, 539.5, 526.5, 527.5, 534.5, 536.5, 526.5, 506.5, 484.5, 464, 443.5, 419.5, 416.5, 403.5, 421.5, 412.5, 411, 417.5, 429.5, 413, 384, 339, 322.5, 379.5, 374, 381.5, 410, 404.5, 412.5, 403, 380, 385.5, 369],
[151.3, 149.7, 149.9, 152.6, 159.3, 159.5, 161.1, 162.6, 164.7, 168, 167.8, 162.7, 166, 165.8, 174.3, 176.4, 182.5, 191.2, 180.1, 186.3, 180.5, 190, 189.4, 196.3, 192.6, 195.9, 198.5, 195.8, 196.9, 176.5, 182.6, 172.4, 180.8, 179.6, 186, 183.9, 182.7, 184.1, 190.8, 190, 189.1, 190.7, 194.7, 197.5, 203.3, 205.8, 209.5, 207.5, 211.1, 214.5, 213.9, 223.5, 218.9],
[171.08, 170.66, 166.74, 169.22, 175.21, 182.44, 188.43, 191.12, 193.39, 168.39, 165.71, 161.37, 140.29, 146.28, 147.11, 125, 122.52, 126.65, 150.62, 151.45, 140.29, 169.22, 183.89, 182.44, 185.54, 188.23, 188.02, 191.74, 191.12, 185.33, 198.76, 192.15, 184.51, 174.18, 175, 186.37, 187.61, 186.16, 184.92, 187.81, 187.61, 189.67, 180.79, 184.92, 188.02, 187.61, 171.9, 131.82, 143.6, 137.4, 134.71, 121.49, 119.84]]
[4251.70, 4328.70, 4389.70, 4455.60, 4669.60, 4645.20, 4661.80, 4562.80, 4686.70, 4745.10, 4575.80, 4604.60, 4810.70, 4857.40, 4805.70, 4862.60, 4895.70, 5031.90, 4835.00, 4901.10, 4870.20, 4985.20, 4902.90, 5075.70, 5220.30, 5300.00, 5300.10, 5211.00, 4840.70, 4906.40, 4806.80, 4867.00, 4898.60, 4921.80, 5187.40, 5121.80, 5018.20, 5112.40, 5262.50, 5068.80, 5273.60, 5237.20, 5599.00, 5600.90, 5619.90, 5702.80, 5820.60, 5818.90, 5785.10, 5947.00, 5911.90, 6105.80, 6105.50]
