52
[[725.5, 803, 814.5, 775.5, 864, 842.5, 840, 861, 819.5, 829, 816.5, 823, 838, 848, 835.5, 825.5, 830, 826, 845.5, 814, 862, 884, 896, 902.5, 901.5, 883.5, 896, 865, 853, 846.5, 864.5, 895, 891, 882, 892, 902, 884.5, 882.5, 896.5, 876.5, 890.5, 883, 882.5, 891, 878.5, 901, 880, 861.5, 872.5, 891, 881, 869, 889],
[382, 408, 431, 437, 458, 453, 467, 455, 471, 473, 479, 490.75, 502, 491, 496.75, 498, 495.25, 483, 509.75, 482.75, 480, 482, 492.25, 496.25, 507, 512, 539, 549, 527, 522, 530.5, 549, 549, 542, 538, 519, 514, 510, 501, 511.5, 497, 512.5, 515.5, 521, 512, 515, 500.5, 491.5, 492, 500, 546, 539.5, 547],
[256.5, 301.5, 301.5, 280, 338, 333.25, 342, 339.5, 324.25, 340, 346.75, 342, 397, 414.75, 448, 404, 418, 441, 467.75, 433.75, 464, 477, 487, 508, 512.5, 513.75, 536, 528, 520, 477.5, 495.5, 514, 512.5, 455, 465.5, 406.5, 409.5, 392, 418, 372, 374, 403, 409.25, 415, 435, 454.25, 422.75, 403.75, 420.75, 407.25, 435, 426.5, 457.5],
[905, 970.5, 943, 899, 982.5, 932, 933.5, 860, 913.5, 909.5, 890.5, 920, 971, 996.5, 960.5, 949, 925, 944.5, 1015.5, 982.5, 1095, 1084, 1125, 1181, 1201, 1208, 1205.5, 1183.5, 1177, 1102, 1178, 1219, 1193, 1151, 1217, 1248, 1245, 1225, 1273, 1218, 1168, 1203, 1224, 1242, 1195, 1236, 1247, 1230, 1236, 1278, 1316, 1368, 1391],
[470, 518, 508.5, 493, 521.5, 518, 528.5, 539.5, 541, 558, 569.5, 575, 569.5, 553.5, 529.5, 534.5, 536, 534, 538, 529, 535, 532.5, 541, 541.5, 529, 519.5, 515, 542, 544, 534.5, 543, 548, 542, 542, 561.5, 569.5, 582.5, 572.5, 565, 566.5, 568, 574, 579, 581, 593.5, 572, 576, 562, 566.5, 586, 596, 584.5, 582.5],
[1965, 2080, 2205, 2157, 2354, 2233, 2213, 2424, 2508, 2526, 2550, 2468, 2515, 2636, 2633, 2507, 2430, 2565, 2560, 2394, 2462, 2396, 2473, 2581, 2402, 2502, 2661, 2630, 2611, 2537, 2699, 2692, 2775, 2868, 2768, 2675, 2779, 2700, 2662, 2640, 2566, 2635, 2696, 2654, 2560, 2595, 2634, 2631, 2650, 2585, 2544, 2598, 2670],
[356, 415, 401.25, 352, 400, 393.5, 407.25, 446, 432, 436, 427.25, 424, 460.75, 428.75, 453, 444.25, 420.75, 446.25, 459, 469.25, 497.75, 500.25, 490.25, 516.5, 520, 514.5, 528.5, 511.75, 510.5, 482, 497, 497.5, 506, 487.5, 487, 506.5, 502.5, 477, 479, 461, 460.5, 481, 487, 500.75, 492.25, 531.75, 515, 518.75, 537.75, 537.75, 555.5, 574.25, 587.75],
[432, 469, 470, 470, 490, 473.5, 479.5, 477, 494.5, 501.25, 501, 504, 498, 499, 489.5, 495, 490.5, 508.25, 503, 483, 481, 452, 472, 473, 466, 454.75, 468, 481.75, 481.25, 471, 465, 483.5, 475.5, 471.25, 473, 480, 482, 475, 470.5, 464, 474.25, 485.5, 494.25, 486.5, 493, 510, 512.5, 522.25, 532.75, 526.75, 528.25, 527.5, 546.25],
[113.25, 130, 124.75, 112, 130.75, 123.5, 119.25, 124.5, 124, 132.25, 130.5, 128.5, 135, 154, 139.5, 135, 142.5, 145, 147.75, 142.75, 143.5, 151, 155.75, 169, 169.75, 175.5, 182.25, 182, 185.25, 170.25, 180, 189.25, 180.75, 174, 186.5, 180, 173.75, 176.75, 173.25, 166.25, 168.25, 168.75, 169.75, 170.25, 164, 171, 165, 165.75, 159, 179.5, 183.5, 195.5, 200.75],
[330, 371.75, 379.75, 365, 412.5, 407.75, 414, 442.75, 428, 409.25, 417, 415.25, 440.5, 440, 461, 457.5, 450, 458.75, 459.5, 451, 467, 453.25, 484.75, 492, 471.75, 463.75, 469.5, 486, 494, 468, 490.75, 519, 520.25, 495.5, 497, 498.5, 486.25, 497.5, 513.25, 496, 480.25, 492.75, 493, 506, 508.5, 530.75, 508, 494, 517, 493.5, 506.5, 488.5, 495.75],
[306.5, 326, 323, 317, 351.5, 335.5, 340.25, 318.75, 316.75, 315.75, 301.25, 309.5, 322.25, 327.75, 330, 323, 319, 331, 346, 345, 373, 368.25, 379.75, 407, 409.5, 426, 437.5, 426, 416.75, 405.75, 432.25, 475, 468, 443, 468.5, 463, 441.75, 436.25, 458.25, 461.5, 465.75, 477, 487, 500, 466, 472.25, 467.5, 447.25, 463.25, 481, 496.25, 514.25, 509.25],
[720, 755, 768, 757, 828.5, 804, 802.5, 791.5, 789, 785, 775, 771.5, 781, 761.5, 775, 787.5, 777.5, 797, 868, 851, 852.5, 851.5, 832.5, 844.5, 889.5, 890, 911, 892.5, 877.5, 829, 859.5, 880.5, 906.5, 869, 819.5, 846.5, 814, 823.5, 822.5, 791.5, 826.5, 844.5, 850, 855.5, 844.5, 859.5, 868, 894, 890.5, 938, 943.5, 942.5, 930.5],
[521, 561, 565, 530.5, 534.5, 524.5, 548, 555, 569, 606, 594, 608, 638.5, 625, 627.5, 612, 648.5, 660, 664.5, 647, 670, 655.5, 664.5, 663.5, 666, 667, 678, 688.5, 666.5, 654.5, 675, 673, 680, 671, 720.5, 710.5, 734.5, 712.5, 718, 705, 681, 688, 687, 680, 666.5, 707.5, 710, 697.5, 729.5, 744, 744, 744.5, 735],
[392, 415, 416.5, 401.25, 421, 408.5, 407.5, 403, 405.25, 416.5, 407.5, 415.25, 428.75, 429, 438, 431.25, 420.25, 417.5, 410.5, 415, 422.75, 420.5, 441.5, 442.5, 437, 433.25, 449.5, 436, 422.75, 415, 432.25, 441.75, 426.5, 412.5, 416.25, 419, 414, 416, 412.5, 419, 432.5, 454.25, 453.75, 454.75, 441.25, 442.5, 434.5, 426.5, 426.75, 418.5, 424.5, 440, 446.5],
[246, 262.5, 280, 269.5, 276, 281, 289, 291, 312, 314.75, 316, 317.25, 319, 331, 335.75, 326.5, 307, 318.5, 315.5, 314, 304.5, 312.5, 310.5, 333.25, 330.25, 327.5, 346, 337.5, 345, 327, 330.5, 348.25, 347, 332, 335.75, 339, 329, 332.5, 346.5, 350, 346.5, 343, 350.25, 351.5, 348.75, 362, 356, 377.75, 381, 379, 372, 373, 368.25],
[95, 109.75, 118.5, 104, 124.25, 117.25, 120.25, 122, 135, 138.5, 137.5, 128, 147, 163, 159, 158.5, 151.5, 167.5, 179, 171, 169, 169.5, 168, 179.5, 192.25, 194.75, 190.25, 181.25, 184.25, 168.5, 178.5, 188.75, 186, 192, 213, 222.5, 237, 227, 225.25, 225, 229.25, 238.25, 236, 231, 275, 298.5, 285.25, 292.5, 289.5, 316, 317.5, 322.75, 332.25],
[588, 605, 602.5, 591.5, 586, 589.5, 602, 595.5, 605, 597, 595, 656, 662, 660, 646.5, 668, 687.5, 665, 664, 652.5, 654, 654, 650, 635, 653, 639, 631.5, 631, 642.5, 643, 651, 645.5, 645, 642.5, 705.5, 708, 708.5, 717, 740, 754, 745.5, 763.5, 769, 769.5, 751, 749, 771.5, 776, 791.5, 799, 800, 841, 814.5],
[598, 634, 633, 626.5, 678.5, 624, 656.5, 671, 650, 678, 647.5, 657.5, 670, 681, 675.5, 676, 671.5, 685, 691.5, 698, 710, 704.5, 724, 697, 673.5, 672, 661.5, 636.5, 621.5, 618, 638.5, 643.5, 637.5, 629, 663.5, 656.5, 674.5, 690.5, 673.5, 664.5, 673.5, 707, 701.5, 716, 747, 765, 741, 754.5, 773, 733, 726.5, 726, 716.5],
[144.5, 163, 173, 157, 179.5, 175.5, 182.5, 185, 182.5, 184.75, 181, 188, 197.75, 194, 200, 199.5, 203.75, 196.5, 202.75, 200, 206.75, 194.5, 195.75, 190, 186.75, 182, 184, 185.25, 182, 185, 185.25, 183.75, 185.25, 185, 186, 187.25, 177.5, 177.25, 176.25, 171.75, 177, 186.25, 187.25, 189.75, 181.5, 186, 180.5, 180, 176.5, 173.25, 179.5, 177.75, 179.25],
[57.25, 62.5, 60, 69, 83.75, 80, 79, 76.5, 74.5, 81.75, 92.5, 93.75, 98, 99.5, 98.25, 105.5, 113, 113.5, 120.5, 113, 111.75, 114.25, 120.75, 126.75, 125, 120.75, 127, 123.25, 120.5, 116.75, 123.25, 124.25, 131, 129.75, 136.75, 129, 133, 132, 134.5, 134.25, 132, 132.5, 133, 135.75, 135, 148.75, 147.5, 145.5, 148, 148.25, 146.75, 142, 134.25],
[310, 338, 342, 335, 354, 340, 345, 331.75, 340, 350, 348, 357.5, 360.5, 357.25, 352, 359.75, 358, 352, 352, 351, 365.75, 380.5, 388.25, 396.75, 393.75, 388.25, 393, 388.5, 379, 374.75, 385, 384.5, 399.25, 396, 375.5, 385, 372.25, 375.75, 376, 381.5, 382.75, 400, 409.5, 409.75, 398, 405.25, 407.75, 406.75, 425.5, 434, 445.25, 447.5, 439.5],
[312.5, 305.5, 294.5, 302.5, 306.5, 307.5, 312, 312, 312, 307.5, 297.5, 292.5, 298.5, 300.5, 309, 317, 309.5, 298, 307.5, 302.5, 312.5, 320.5, 327.5, 342, 330, 340, 366.5, 362.5, 370, 354, 373, 399.5, 386.5, 367, 399.5, 411.25, 394.5, 384, 387.5, 370.25, 396, 397, 406.5, 393, 377, 552.25, 630, 697.75, 683, 672, 716.5, 671.5, 723.5],
[233, 251.5, 247, 236.5, 261, 248.5, 249.25, 267.25, 246, 248.5, 237.75, 223.25, 235.5, 245.5, 241, 232.75, 226, 223.25, 215.5, 214, 249.5, 241, 235, 239, 239, 246.75, 259.25, 250, 257.25, 251.25, 259.75, 260, 250, 242, 245, 234.25, 227.75, 248.75, 249.5, 248.5, 242.75, 235.5, 240.5, 236.75, 235.75, 250.5, 258, 257.75, 260.75, 271, 280.75, 282.75, 303.5],
[1205.89, 1318.24, 1438.08, 1375.67, 1580.39, 1487.18, 1531.29, 1514.5, 1593.5, 1641, 1678, 1645, 1773, 1760, 1790, 1771, 1841, 1857, 1860, 1846, 1915, 1954, 1980, 2132, 2145, 2072, 2074, 2068, 2039, 1944, 2001, 2020, 1968, 1952, 2056, 2104, 2039, 2018, 2050, 2067, 2230, 2263, 2252, 2279, 2248, 2483, 2449, 2539, 2483, 2520, 2530, 2506, 2538],
[133.11, 147.77, 145.53, 143.3, 163.66, 156.71, 170.12, 171.61, 166.89, 170.37, 177.32, 177.32, 179.55, 182.29, 177.07, 174.84, 174.59, 174.34, 172.85, 174.84, 177.07, 179.31, 179.06, 174.84, 178.31, 178.56, 184.77, 195.7, 187.75, 181.54, 188, 184.77, 186.76, 188.25, 191.97, 192.96, 185.76, 189.49, 190.73, 196.94, 209.6, 207.12, 209.11, 210.6, 209.6, 203.15, 198.92, 203.64, 209.85, 214.07, 216.56, 218.54, 224.75],
[254.25, 280.75, 280.75, 270.25, 291.75, 288.5, 291, 289, 290.5, 302, 287.75, 316.25, 343, 351.5, 337, 329.75, 326.75, 342.75, 348, 326, 340.75, 327.75, 341, 356.5, 367, 354.5, 345.5, 340.5, 358.5, 346.75, 358.25, 356.5, 358.5, 340.25, 343.5, 348, 347.25, 350, 348, 363.75, 366, 368.5, 382, 377.75, 372.25, 378, 360.5, 370.75, 372.75, 366.5, 366, 373, 373.25],
[434, 479.5, 490.25, 462.5, 530, 507, 521.25, 541, 532, 563, 585.75, 591, 607, 599, 587.5, 588, 570, 587, 605.5, 584, 582, 576.5, 560, 575, 562, 549.5, 590.25, 567, 567, 549.5, 555.75, 570, 581.25, 567.5, 580.25, 588.25, 586, 597.5, 625.25, 607, 629.75, 638, 653.5, 659.5, 704, 719, 686, 692, 698.5, 690.5, 698.5, 684.5, 687],
[614, 673, 659, 649, 707, 688.5, 679, 693.5, 685, 662, 648, 646, 658, 676.5, 678.5, 665.5, 647, 650, 632, 637, 632.5, 634, 665.5, 661, 685, 676, 668, 671, 654, 656, 648.5, 661, 690, 697, 697.5, 710, 726, 714, 736.5, 730.5, 721, 720, 732.5, 732.5, 705, 703, 726.5, 720, 718.5, 714, 732.5, 754.5, 727],
[83.5, 90, 92.75, 85.5, 94.75, 92, 94.25, 111.5, 114.5, 120.5, 118.75, 114.25, 112, 114, 107.75, 112.5, 132, 127.5, 141, 133.75, 131, 125, 128, 138.75, 139.75, 139.75, 140, 146.5, 146, 136.25, 142.75, 145.75, 144.75, 141.25, 134.5, 142, 134.5, 131.5, 139.5, 137.25, 131, 134.25, 135.75, 137, 145.75, 155.25, 151.5, 145, 151.5, 150.25, 160, 159.75, 164.25],
[277.5, 286.25, 294, 296.25, 286.75, 296.25, 299.5, 300.25, 317, 322, 326.75, 363.25, 370.75, 398.5, 398.25, 403.25, 404.25, 412.25, 416.25, 427.25, 420.75, 442.5, 441.25, 425.25, 425.25, 430.75, 440.75, 438.25, 458.25, 464.25, 456.25, 440.25, 443.5, 426.25, 422.25, 454.5, 456.25, 468.5, 475, 490, 500, 522.5, 510, 499.5, 527.75, 546.75, 541.5, 537, 573, 604, 585, 635, 641],
[586.5, 605, 577, 610, 614, 625, 615, 609, 600.5, 585, 581, 610.5, 609, 594.5, 590, 600, 595, 581.5, 575, 565, 560, 567, 570, 559, 578, 554.5, 559.5, 552.5, 563, 567.5, 566.5, 559, 562, 570, 599, 603, 600, 595.5, 595, 593, 582.5, 584, 596, 599.5, 611.5, 598.5, 608, 610.5, 621, 637.5, 642.5, 668, 681.5],
[1052, 1152, 1170, 1113, 1246, 1230, 1225, 1257, 1332, 1312, 1251, 1240, 1238, 1261, 1238, 1249, 1223, 1223, 1212, 1169, 1214, 1164, 1194, 1254, 1216, 1236, 1275, 1268, 1262, 1275, 1282, 1298, 1282, 1275, 1276, 1291, 1375, 1373, 1328, 1292, 1270, 1250, 1270, 1281, 1212, 1229, 1222, 1176, 1185, 1095, 1130, 1117, 1118],
[465.35, 493.55, 509.92, 490.53, 550.71, 521.75, 576.9, 583.19, 575.89, 612.66, 609.38, 597.04, 653.2, 653.2, 682.41, 662.77, 683.92, 709.1, 712.88, 710.36, 740.83, 720.18, 729.75, 724.21, 725.47, 699.03, 725.22, 705.83, 711.11, 673.85, 703.31, 727.73, 770.04, 734.78, 724.96, 721.44, 742.84, 758.71, 771.8, 769.28, 735.29, 745.36, 770.54, 783.64, 778.6, 738.81, 739.82, 727.23, 740.83, 742.84, 762.48, 754.43, 758.45],
[471.5, 433, 428.25, 430, 425, 450, 438, 451, 443, 472.5, 515, 515, 533, 540, 534.5, 530, 495.5, 505, 512, 503.5, 533, 526.5, 522, 544, 536, 567, 555, 567, 564.75, 538, 559, 577.25, 589.5, 568, 604.75, 615, 624.5, 637.5, 627.5, 639, 651, 650, 647, 650, 653, 648, 625, 608, 630, 652.5, 645.5, 682.5, 673.5],
[287, 312.5, 319.25, 308.25, 341.5, 328, 328.75, 337.5, 347.25, 342, 342, 339.5, 354.25, 370.5, 367.75, 364, 337.75, 342.25, 349.25, 337, 348, 354.5, 379, 418.5, 403.25, 416.5, 421.75, 408, 399, 388.25, 406, 425, 426, 406.25, 405.75, 410.25, 401.75, 398.25, 407.75, 415, 394.5, 400.5, 407.5, 415, 408.75, 411, 398, 414, 434, 431, 445, 446.75, 427.25],
[607.5, 641, 675, 649.5, 719.5, 714, 721.5, 744, 737, 701.5, 715, 690, 740, 762, 792, 795, 784.5, 792, 794, 750.5, 798, 771.5, 754.5, 747, 724.5, 704, 722, 720, 708.5, 693.5, 715.5, 749.5, 742, 687, 697, 704.5, 686.5, 703, 739.5, 721.5, 718, 725, 722, 728, 750.5, 762, 738, 724.5, 733, 722.5, 755.5, 734, 762.5],
[134, 154.5, 152, 137.75, 157.5, 146.5, 146, 144, 157.75, 166.25, 165.25, 168.5, 181.25, 181.25, 186.5, 185, 184, 195.75, 200.5, 189.5, 197.25, 199.25, 202, 204.5, 209.75, 198, 187, 186.75, 188, 178.5, 196, 197.75, 196.25, 192, 196, 206, 205.5, 206.5, 215.5, 217.75, 220.25, 224, 225.5, 227.5, 229, 240.75, 227.75, 226.5, 224.5, 217.75, 228.25, 229, 227.25],
[655.5, 689, 671.5, 649, 697, 674.5, 683, 669, 691, 707.5, 694, 711, 736, 730.5, 734, 729, 716, 730, 755.5, 755, 754, 777.5, 777, 820, 813, 817, 825.5, 805, 806.5, 806, 842, 857, 868, 844.5, 913.5, 902.5, 885, 896, 896.5, 874, 872.5, 882, 879, 885.5, 869, 874.5, 860, 831.5, 864, 858.5, 871.5, 866.5, 850],
[141.5, 143, 153.5, 92, 106, 116.25, 118.25, 125.25, 126, 128, 138.25, 137, 140, 147.5, 140, 123.75, 122.75, 134.5, 135.75, 132.5, 133.75, 169, 163, 176.5, 194.5, 202.75, 203.5, 186.75, 179.75, 167.5, 177, 188.75, 189.75, 180.75, 198.5, 199, 205.5, 203, 197.25, 201.5, 184.75, 189.75, 195.5, 201, 201, 229.75, 219.5, 212.25, 217, 227.75, 236, 237, 238.5],
[961, 1023.5, 998.5, 1005, 1063, 1078, 1079, 1054, 1026.5, 1030, 1015, 1086, 1110, 1064.5, 1051.5, 1094, 1083, 1053, 1026, 1000, 985, 978, 1000, 968, 1006, 979, 971, 983, 999, 973, 985.5, 982, 979, 988.5, 984, 981, 1034, 1063.5, 1071, 1090, 1056, 1104, 1101, 1095, 1121, 1084, 1085, 1105, 1111, 1128, 1110, 1172, 1184],
[63.21, 66.77, 71.22, 75.01, 82.8, 84.13, 84.58, 97.04, 101.72, 102.16, 102.38, 105.05, 111.06, 115.51, 112.62, 115.74, 115.07, 118.85, 126.2, 119.3, 119.52, 122.19, 123.08, 141.33, 134.21, 130.87, 121.97, 114.85, 120.41, 120.41, 123.3, 124.64, 123.08, 122.41, 119.3, 114.4, 103.94, 105.05, 100.82, 106.83, 106.83, 109.28, 109.95, 111.73, 112.18, 116.63, 113.73, 111.51, 115.74, 121.97, 120.63, 123.53, 123.3],
[48.23, 52.02, 56.51, 53.91, 63.6, 60.77, 63.13, 64.79, 63.84, 63.84, 67.86, 75.9, 85.12, 83.46, 80.15, 80.15, 86.07, 86.3, 90.79, 88.43, 90.56, 93.4, 92.69, 101.2, 104.27, 100.72, 100.72, 94.81, 94.34, 87.96, 97.41, 106.4, 109.24, 105.93, 110.89, 105.69, 107.82, 111.36, 116.33, 121.3, 118.93, 113.73, 113.49, 116.8, 122.95, 133.83, 133, 148, 139, 141, 142, 136.75, 132.75],
[761.5, 795, 779.5, 737, 826, 800, 807, 825.5, 847.5, 862.5, 870, 869.5, 892.5, 923, 895, 914, 883, 884.5, 903, 885, 886, 902, 912.5, 969, 966, 1013, 1020, 994, 959, 906, 960, 1006, 1006, 969, 990, 1020, 1033, 1034, 1025, 1015, 959, 960, 970, 950, 952, 966.5, 940, 920, 916, 934, 941.5, 917.5, 914.5],
[209.2, 235.11, 229.73, 224.84, 240.73, 229.73, 238.04, 238.53, 238.53, 250.99, 244.88, 249.52, 263.94, 269.32, 276.41, 263.45, 271.03, 284, 278, 274.75, 285, 267.25, 272.5, 277.75, 275, 272, 269.75, 275, 279.25, 265.25, 273.25, 280.75, 283.5, 274.75, 286.5, 280.75, 279.25, 277, 281.5, 293.25, 280.25, 276.5, 280.25, 288.5, 291, 286, 272.25, 277, 289, 292.5, 307.25, 301, 308.5],
[721, 713.5, 724.5, 732.5, 738, 728, 746.5, 750, 751, 787.5, 777, 792, 812, 808.5, 819, 818.5, 781.5, 792, 811, 795, 822.5, 814, 820, 857, 862.5, 869, 860, 872.5, 855.5, 847.5, 870, 913.5, 921.5, 901.5, 903, 917, 948, 966, 981, 967.5, 985, 984, 991, 998.5, 1020, 1013, 999, 1021.5, 1032, 1085, 1085.5, 1120.5, 1091],
[62.75, 72.75, 77, 69.5, 81, 75, 76.25, 76.25, 78.5, 80, 83.75, 84.5, 90.5, 86, 89.5, 88, 84, 88.5, 92.5, 88.5, 98.5, 99.5, 98.5, 103.5, 103, 103.25, 105, 100.25, 98.25, 94.75, 97.25, 101.25, 104.75, 104.5, 106.25, 105.75, 103.75, 102, 101.25, 97.75, 95.75, 96.25, 98.5, 102.25, 101.5, 109.5, 102.25, 99.25, 102, 99, 104.25, 101.25, 103.75],
[557, 580, 574, 574.5, 582, 561, 569, 575, 583.5, 615.5, 621, 629, 638, 640, 636.5, 630, 619.5, 622, 629, 626.5, 645, 634.5, 646.5, 664, 670, 676.5, 684.5, 673, 640, 644.5, 645, 658, 649, 639, 646, 638, 643, 661.5, 664.5, 664, 673.5, 678, 683, 691.5, 680, 676.5, 659.5, 656, 672.5, 694, 723, 740, 742],
[302, 353.5, 353, 322, 379.5, 386.5, 398.5, 421.5, 416, 420, 417.25, 419.75, 473.5, 452, 456.5, 452, 430.25, 450.5, 476.25, 454, 471, 447, 440, 437.5, 431.5, 419, 422.75, 442, 427.75, 423, 436, 428, 419, 415.5, 410.25, 408.75, 400, 404.5, 416, 412.25, 416, 440, 440.75, 458, 460.75, 473, 469, 457, 461.5, 455.5, 467.75, 445.5, 442],
[880.5, 900, 890, 971.5, 998.5, 1023.5, 1059, 1048, 1056, 1077, 1142, 1194, 1233.5, 1249.5, 1273, 1232, 1196, 1276, 1287, 1250, 1244, 1225, 1244, 1236, 1229, 1236, 1221, 1287, 1313, 1300, 1368, 1386, 1452, 1456, 1480, 1468, 1417, 1452, 1429, 1466, 1429, 1460, 1460, 1449, 1545, 1558, 1559, 1570, 1604, 1550, 1598, 1602, 1662],
[268, 295.5, 301.25, 282, 295.25, 275.25, 285, 289.25, 293.25, 301.25, 306, 294, 288.5, 286, 302.5, 304.5, 315.75, 319.5, 339, 312.25, 316.75, 304.5, 307.25, 311.5, 313.5, 306.25, 312.75, 315.25, 311.25, 310.75, 315.75, 303.75, 298.75, 289.75, 287.25, 283.75, 279.25, 275.75, 272.5, 280, 276, 276, 289.75, 284.75, 277.5, 271.75, 272.5, 269.75, 278, 276, 299, 299, 292.25],
[141, 167.75, 180.25, 178.5, 183, 185, 190.5, 187.5, 185, 186, 186.5, 197, 191.75, 191.5, 192.5, 189, 183.75, 189.75, 193.5, 186.5, 188, 187.25, 192.5, 203.5, 209, 208.75, 214, 216.75, 224.5, 215.75, 229.75, 225, 216.75, 221, 224.5, 229.5, 227.75, 222.25, 223.5, 219.75, 229.5, 224.5, 224.75, 223, 238, 228.5, 224.25, 220.25, 218.5, 233, 250, 251, 249],
[373.32, 405.26, 404.26, 386.79, 415.99, 409.25, 414.24, 413.25, 408.26, 405.76, 411.25, 414.74, 403.26, 405.51, 406.26, 399.27, 410.25, 403.26, 394.03, 384.05, 390.29, 376.31, 388.04, 392.04, 396.78, 388.29, 379.56, 383.55, 389.79, 390.04, 396.03, 388.04, 378.81, 377.56, 376.56, 385.8, 385.55, 403.26, 392.28, 384.3, 384.55, 395.28, 396.78, 402.27, 397.28, 399.02, 390.04, 396.28, 406.51, 413.5, 421.23, 437.2, 428.47],
[744.5, 803, 822, 849, 889, 876.5, 915, 945.5, 959, 989, 991.5, 992.5, 990.5, 970, 994, 1005, 1026.5, 1035.5, 1108.5, 1087, 1140, 1129.5, 1105.5, 1085, 1094.5, 1085.5, 1140, 1140, 1116, 1119, 1176, 1203, 1188, 1175, 1180, 1152, 1148, 1136, 1128, 1129, 1089, 1088, 1115, 1140, 1266, 1283, 1294, 1272, 1321, 1346, 1387, 1415, 1416],
[621.5, 664.5, 675.5, 649.5, 728.5, 714.5, 729, 725, 710, 715.5, 705.5, 705, 748, 739, 712.5, 725, 713, 700, 710, 683, 708.5, 696, 688, 711, 704.5, 698.5, 675, 668.5, 677.5, 671, 715, 742.5, 735.5, 719, 701, 694, 691, 695, 692, 680.5, 685.5, 709.5, 711, 716, 718.5, 742, 740, 730, 760, 776, 783, 778, 783],
[485, 511, 509, 480.5, 560, 520.25, 541.25, 550.25, 507, 498, 520, 533.75, 592.25, 588.5, 597, 571, 566, 569.25, 584, 585, 580.5, 579.75, 579, 610, 628.5, 618.75, 625, 600.75, 616, 579.75, 595, 608.5, 617, 598.5, 624.75, 656, 665, 672.25, 661.75, 636, 630.25, 604, 614.5, 628, 630, 652.5, 617, 609, 607, 585.5, 616.5, 617.5, 609],
[280.73, 342.02, 325.44, 296.59, 347.55, 341.78, 351.88, 351.88, 368.22, 379.76, 366.3, 349.23, 373.03, 349.95, 365.33, 365.33, 352.84, 375.67, 412.92, 400.19, 417.97, 398.98, 389.13, 419.41, 424.94, 440.33, 456.43, 446.81, 434.8, 405.23, 421.58, 441.05, 441.29, 431.67, 454.75, 463.16, 448.98, 445.37, 443.69, 436.72, 449.22, 450.42, 455.71, 469.17, 457.63, 496.57, 467.24, 460.03, 480.7, 484.07, 490.56, 480.7, 491.04],
[956, 1048, 1032, 1037, 1095, 1118, 1142, 1124, 1091, 1102, 1107.5, 1120, 1172.5, 1146, 1118.5, 1130, 1112, 1100, 1156, 1107, 1119, 1118, 1164, 1144, 1130, 1205, 1216, 1199, 1208, 1215, 1236, 1252, 1278, 1267, 1251, 1245, 1273, 1256, 1282, 1280, 1246, 1262, 1268, 1258, 1249, 1280, 1313, 1314, 1340, 1362, 1404, 1404, 1411],
[431, 475, 476, 452, 516, 470.5, 492, 496, 487.5, 482, 489, 495.5, 522, 537, 540, 518, 504.25, 501, 494.25, 495, 498.25, 482.5, 497.5, 491.5, 497, 493, 523.75, 507, 494.75, 479.5, 485.5, 495, 498, 470, 462.5, 464.5, 464, 470, 489.5, 473.75, 447.5, 452, 457.5, 465.25, 451, 481.25, 468.25, 473.25, 477, 459, 515.5, 494.75, 486],
[170, 172, 175, 173.75, 184.5, 187.5, 189.5, 186.5, 184.75, 183, 184.5, 183.25, 183.5, 193.5, 195, 187.5, 189.25, 191, 196, 185, 187, 188.75, 187, 193, 200.5, 209.75, 219.75, 210.75, 213.75, 212.5, 215.5, 218.75, 225.5, 220.25, 224, 230, 221.75, 222, 220.5, 202.75, 190.75, 187.5, 188.5, 193.75, 186.25, 196, 192.25, 196, 201.25, 205.75, 206.25, 193.25, 186.25],
[105, 112.25, 108, 101.5, 118, 113.25, 117.75, 130.5, 138.5, 145.5, 161, 174.75, 182.25, 188.75, 194.75, 183.25, 175.75, 195, 221, 218, 238, 247.25, 238, 257, 267, 252.5, 245.5, 226.75, 236, 218.75, 229, 239.25, 243.75, 249, 263.25, 265.5, 250, 251, 252.5, 244.75, 235.75, 237, 241.5, 245.75, 270, 321.25, 312, 328, 353.5, 362.5, 409.5, 393.5, 391.75],
[296.92, 330.9, 333.48, 330.9, 338.4, 338.87, 343.08, 361.36, 370.97, 347.3, 349.41, 350.11, 358.08, 359.49, 350.58, 356.21, 357.15, 370.27, 374.72, 371.91, 379.17, 385.5, 389.02, 408.94, 389.95, 390.66, 386.44, 378.71, 381.28, 375.89, 386.2, 379.64, 385.74, 365.58, 405, 415.25, 421.5, 427, 426.5, 431, 427, 424, 427.5, 428, 412, 408.25, 409.75, 432.5, 434.75, 444.75, 454.75, 451.25, 446.75],
[1210, 1271, 1265, 1179, 1272, 1214, 1234, 1178, 1196, 1183, 1142, 1170, 1225, 1266, 1221, 1177, 1140, 1195, 1250, 1240, 1355, 1279, 1297, 1327, 1407, 1396, 1402, 1388, 1382, 1296, 1368, 1466, 1437, 1375, 1454, 1445, 1403, 1382, 1445, 1452, 1457, 1476, 1529, 1574, 1482, 1498, 1465, 1424, 1421, 1447, 1433, 1468, 1443],
[65.67, 71.3, 75.05, 66.37, 84.43, 80.21, 82.08, 82.55, 88.18, 91, 89.59, 90.29, 114.45, 123.83, 119.14, 119.14, 120.31, 134.15, 134.15, 129.46, 136.26, 138.37, 135.32, 140.95, 152.91, 166.04, 169.33, 167.92, 163.93, 156.9, 160.88, 168.86, 174.96, 169.09, 178.24, 175.19, 167.22, 166.04, 170.27, 164.87, 163.7, 160.65, 162.76, 165.11, 158.3, 170.73, 168.15, 175.66, 169.56, 206.38, 203.1, 212.01, 218.11],
[47.25, 54.92, 60.98, 55.13, 75.92, 78.35, 80.77, 87.43, 86.63, 91.67, 99.35, 107.02, 117.92, 113.08, 111.46, 108.03, 112.07, 115.1, 122.77, 127.62, 122.57, 118.53, 115.5, 120.35, 123.38, 116.31, 100.56, 95.11, 91.88, 84.75, 86.25, 95, 92.5, 88, 91.25, 89, 86, 88.25, 86.75, 83.75, 80.75, 85.75, 86, 89, 92.75, 98.5, 93.25, 97.25, 97.5, 97, 105, 104.25, 108.5],
[1320, 1429, 1469, 1425, 1612, 1563, 1611, 1653, 1625, 1628, 1590, 1550, 1616, 1626, 1749, 1714, 1700, 1691, 1730, 1700, 1768, 1742, 1650, 1634, 1612, 1568, 1595, 1596, 1615, 1555, 1620, 1648, 1637, 1570, 1546, 1561, 1574, 1587, 1648, 1622, 1609, 1628, 1645, 1652, 1670, 1714, 1663, 1606, 1641, 1622, 1714, 1730, 1763],
[1226.8, 1308.58, 1318.15, 1331.21, 1405.16, 1357.31, 1359.05, 1324.24, 1338.17, 1397.33, 1375.58, 1403.42, 1421.69, 1426.91, 1466.94, 1416.47, 1392.11, 1374.71, 1369.49, 1387.76, 1365.14, 1337.3, 1426.91, 1439.96, 1410.38, 1388.63, 1433.87, 1384.28, 1345.13, 1308.58, 1339.91, 1379.06, 1360.79, 1288.57, 1296.4, 1312.06, 1295.53, 1296.4, 1296.4, 1312.93, 1348.61, 1427.78, 1427.78, 1443.44, 1279.87, 1262.47, 1251.16, 1264.21, 1213.75, 1232.89, 1262.47, 1304.23, 1314.67],
[360, 387, 388, 396, 430, 424.25, 427.25, 439.5, 419, 446, 422, 417, 413.5, 408.75, 419.25, 405.5, 405.75, 408, 413, 410, 419, 427.25, 448.75, 454.75, 462.25, 479.5, 473.25, 464, 463.5, 474.75, 477.5, 494.5, 496, 489.5, 505, 534.25, 548, 558, 587.5, 577, 579, 563, 574.5, 574, 567.5, 548, 538, 540, 545.5, 562, 568.5, 580, 576.5],
[124.75, 142, 122.75, 115, 122.75, 132.25, 136, 140.25, 139, 144.5, 152.75, 151.25, 167, 176, 174, 167.75, 162, 179.75, 183.5, 173.5, 178.75, 186.25, 172.25, 177, 179, 168.75, 184, 172.75, 170.25, 166.25, 179, 188.75, 182.75, 176.75, 189, 187.5, 180.5, 182, 186.5, 180.25, 175.5, 169.5, 173.75, 184, 190.75, 206.5, 203.5, 194.25, 198.75, 196.75, 199.25, 192.5, 193.5],
[218.15, 242.95, 226.34, 218.15, 231.54, 234.02, 232.53, 236, 241.95, 258.07, 257.32, 265.5, 267.74, 253.6, 261.29, 255.84, 251.87, 252.61, 250.88, 258.81, 267.74, 263.77, 279.14, 284.59, 285.34, 275.67, 271.7, 282.86, 288.31, 274.43, 274.68, 269.47, 274.18, 276.66, 292.28, 292.53, 284.34, 307.4, 296, 287.82, 289.55, 297.98, 305.91, 303.43, 291.53, 289.55, 284.1, 278.15, 286.33, 286.33, 296.49, 301.45, 296.99],
[430.25, 504, 503, 495.25, 595.75, 594, 599.75, 624.75, 615.25, 612, 621, 628, 685.25, 702.75, 691, 655.5, 629.75, 650, 650.25, 613.5, 635.75, 668.5, 653, 709, 710, 717, 753, 724, 746.25, 708.5, 740, 755, 789.75, 746.75, 765.75, 742.5, 702.5, 653.5, 658, 661, 633, 626.5, 626, 655, 690, 723, 673, 659, 664, 694, 720.5, 690, 735],
[391.5, 485, 468.25, 451, 548.5, 535, 539, 566, 550, 544.75, 564, 558, 611, 616, 610, 581.75, 553.75, 575, 580, 543, 562.75, 580, 580.5, 639, 614, 639, 667.5, 632.5, 660, 616, 660, 668.5, 699.5, 665, 685, 659.75, 622.5, 587, 589, 583, 562.25, 569.5, 572, 575, 622, 655, 600, 591, 592.5, 632.5, 652.5, 626, 668.5],
[302, 337.75, 343.5, 338.75, 354, 343.5, 346, 369, 366.75, 364, 365, 390, 387, 389, 402.75, 378, 366.5, 360.75, 359, 362.75, 366.75, 369, 401, 375, 385.5, 382, 378.25, 374.25, 372.5, 366, 356, 349, 357.25, 350.25, 343.75, 357.25, 361.25, 361.75, 365.75, 368, 361.25, 368, 372.25, 371, 371, 374.5, 389, 399, 420, 419.5, 421.25, 435.5, 427.75],
[604.5, 638, 634.5, 636, 659.5, 661, 659, 655, 645.5, 659, 638, 643, 654, 631, 634, 637.5, 624, 631, 638.5, 626.5, 622, 619, 622, 635.5, 642.5, 644, 612, 604, 606.5, 613.5, 615, 613.5, 608, 618.5, 618.5, 621, 637, 653, 659.5, 656, 659.5, 665, 667, 671, 650.5, 647.5, 645.5, 643, 650, 662.5, 673, 705, 681.5],
[340.75, 380.5, 376.25, 376, 391.75, 392, 392, 390, 388.25, 378, 360, 363.75, 368, 366.75, 375, 365.25, 364, 368, 360, 358.25, 373, 353.5, 352.25, 366.25, 366.25, 365, 366, 357, 355.25, 356, 359.5, 354.25, 349.25, 345.75, 355.75, 363.75, 361.5, 364.5, 361.75, 359.25, 365.5, 368, 371, 373.25, 365.25, 363.5, 355.25, 360, 358.75, 356.25, 362.75, 377.25, 369.5],
[686.5, 730, 713, 716, 751.5, 748, 754, 729, 719.5, 710.5, 721, 727.5, 740, 720, 727.5, 695.5, 684, 684, 703, 680.5, 668, 662.5, 664.5, 669, 653, 647.5, 661, 661, 661, 678, 679, 676.5, 686, 697, 713.5, 713, 715, 719, 729.5, 723, 761, 738.5, 747, 748, 721.5, 714.5, 703, 710, 713, 724, 730.5, 756, 749.5],
[335.5, 356.25, 380, 385.5, 426, 408.5, 410.5, 390.5, 451, 425, 423, 413, 417.25, 418, 427.25, 411, 400, 376.5, 410.75, 449, 462, 449.5, 457, 474.25, 481.25, 486.75, 490, 471.25, 452.5, 431.25, 449, 473, 465, 453.75, 441.25, 476.75, 504, 484.5, 480, 495.5, 491.75, 538, 542.5, 541.5, 545, 537.5, 511, 541, 539.25, 562, 557.75, 551.5, 567.75],
[346.25, 386.25, 367, 387, 414.5, 414.75, 419.5, 426, 424, 402.5, 412.5, 376, 366, 364.5, 375.25, 358.25, 348.25, 352, 370, 365, 363, 375, 418.5, 410, 393.5, 405, 417.75, 412.5, 395.5, 397.25, 425.75, 447.25, 451, 456.25, 468.75, 478.75, 455.75, 455.25, 456.5, 468, 479, 456, 456, 462.25, 456, 466, 470.5, 474.75, 510.25, 516.25, 509, 521, 537.5],
[613.5, 631.5, 663, 640, 692, 667.5, 667.5, 675, 671, 676, 666, 661.5, 684, 680, 673, 703, 703, 734.5, 754.5, 722, 727, 718, 710.5, 714, 725, 709.5, 730.5, 714.5, 712.5, 680, 699.5, 718, 710, 689, 712.5, 699.5, 694, 678.5, 673, 664, 660.5, 650.5, 649, 661.5, 619, 651, 622, 634.5, 629.5, 652, 646.5, 658.5, 659],
[665, 709, 723, 673.5, 711, 688, 720, 689.5, 708, 742.5, 705, 706, 753, 742, 763.5, 760, 736, 755, 788.5, 772.5, 787, 794.5, 813.5, 850.5, 849.5, 849, 852.5, 845.5, 851.5, 850.5, 890, 940.5, 959, 936.5, 969, 958, 920, 925.5, 933.5, 912.5, 907, 916, 923.5, 937, 903.5, 937, 896, 876.5, 917, 920, 955, 938, 955.5],
[277, 280.25, 289.75, 299, 300, 298, 305.75, 294, 294, 299, 312, 316, 315.25, 334.75, 335, 338, 342.5, 342, 335.75, 336, 341.75, 346.25, 356, 354, 349.25, 359, 349, 345, 329.25, 325, 316, 318, 312.25, 316, 318.5, 324, 326, 322, 320, 315.5, 307.25, 298, 307.75, 321.5, 317, 312.75, 305, 286.75, 277, 278.25, 282.25, 289.5, 300.5],
[160.5, 171.5, 182, 178.25, 189.25, 202.75, 193.5, 194, 198, 199.25, 206.5, 201.75, 209.25, 212, 210.5, 209, 219.25, 215, 220, 216, 219.25, 213.75, 220.5, 218, 215.75, 219, 225.5, 228.5, 240.5, 239.5, 241, 238.75, 239.75, 237.25, 237, 239.25, 244.5, 244.75, 250, 244.25, 244, 245, 252, 253.5, 258.25, 248.25, 242.5, 240.75, 242.5, 249, 251.75, 257.25, 255.75],
[528, 568, 563, 586, 616, 619, 625.5, 615, 555.5, 586.5, 550, 551.5, 560, 556, 548.5, 496, 482.5, 485.5, 492.5, 504, 508, 506, 522, 526, 524.5, 519, 526, 541.5, 533.5, 525, 523.5, 523.5, 487, 495.5, 506, 519, 509.5, 516, 505.5, 499, 501.5, 509, 512.5, 518.5, 526.5, 531.25, 534, 526, 531.25, 556, 568.25, 566.25, 559.75],
[528.27, 566.91, 548.32, 512.61, 570.33, 557.61, 569.84, 585, 607.51, 611.42, 607.51, 607.51, 622.18, 626.09, 663.76, 662.29, 663.27, 686.74, 695.55, 687.23, 717.56, 712.18, 729.79, 744.46, 754.73, 742.02, 732.72, 713.16, 719.52, 693.59, 708.27, 725.39, 733.7, 730.77, 747.89, 748.86, 734.68, 707.29, 706.31, 706.8, 690.66, 694.57, 699.95, 715.6, 712.18, 712.67, 712.18, 723.43, 702.4, 733.21, 750.33, 724.9, 709.73],
[450.5, 500, 527, 512, 554, 539, 558, 582, 600, 611, 619, 614, 667, 693, 685.5, 680.75, 670.25, 681, 681.75, 661, 671.5, 665, 667, 718.5, 740, 725.5, 734, 707.25, 716.25, 704, 716.75, 751, 754.5, 726.5, 727, 725, 709, 731.5, 767, 758, 750, 770, 780.5, 789.5, 741, 780, 768, 781.5, 802.5, 837, 825, 838, 843],
[342.25, 370.5, 367, 341, 406.5, 376, 400, 450, 452, 456.5, 461.5, 474.25, 523.5, 503.75, 494, 464, 475, 495.5, 522, 509, 537, 544.75, 527, 570.75, 578.75, 575.25, 579.5, 544.75, 550, 521, 533, 567, 568.5, 543.5, 577.5, 572.5, 553, 555.5, 562.5, 559, 543, 547, 544.5, 560.5, 579, 631.5, 616.5, 603, 605.5, 611, 630, 588.5, 578],
[53.5, 59.25, 60.25, 54.5, 66.75, 65.25, 70.25, 76.25, 74, 76, 78.25, 79.75, 87, 91.5, 84, 80, 79.25, 79.75, 88, 88, 89.75, 91, 89.25, 101.5, 100, 99.5, 106, 98.75, 99.5, 90.75, 94.25, 95.25, 99.75, 93.5, 102.5, 99, 95.25, 96.75, 101.75, 100, 99.25, 97.75, 98.75, 101, 105, 112.5, 106, 107.25, 107.5, 107.75, 109.75, 108.5, 110],
[139.02, 141.49, 152.48, 146.76, 151.91, 147.42, 149.09, 150.75, 152.43, 154.39, 153.45, 150.92, 156.35, 158.14, 155.84, 159.22, 157.39, 158.66, 163.72, 167.28, 164.04, 161.9, 162.41, 165.52, 169.59, 170.35, 170.6, 168.41, 167.27, 160.34, 163.74, 166, 165.04, 159.98, 162.54, 165.94, 162.76, 159.86, 160.75, 160.78, 161.96, 161.86, 162.09, 161.56, 159.42, 167.65, 163.84, 161.49, 160.2, 158.27, 160.24, 159.37, 161.97],
[172, 173.5, 191, 195, 198.5, 194, 199.5, 191, 200.5, 203, 198.5, 194, 212, 208.5, 202.5, 205.5, 204, 205, 198, 208, 215.5, 214.5, 223.5, 229, 229.5, 228, 223.5, 217.5, 231, 223, 235, 238.5, 244, 235.5, 242, 245.25, 247, 238, 233, 223.5, 218, 218, 218.5, 214.25, 218.25, 232.5, 225.75, 220.5, 225, 226.25, 244, 252, 248],
[258.78, 263.05, 273.94, 266.36, 290.79, 283.59, 293.57, 291.2, 294.85, 304.27, 303.19, 301.82, 312.86, 315.57, 316.47, 317.96, 312.57, 311.81, 318.5, 321.17, 325.1, 323.97, 323.2, 331.5, 332.98, 338.14, 343.21, 337.85, 329.95, 321.87, 327.32, 338.93, 336.22, 329.88, 337.36, 340.79, 342.21, 340.43, 346.98, 348.76, 354.08, 354.04, 354.75, 363.18, 357.85, 369.37, 365.95, 361.41, 365.27, 359.99, 364.89, 358.98, 364.26],
[135.12, 133.7, 132.25, 133.97, 134.12, 134.22, 134.9, 136.35, 137.81, 138.82, 138.14, 140.38, 140.3, 140.96, 142.86, 141.77, 140.72, 140.61, 141.49, 140.72, 140.89, 139.33, 140.72, 139.29, 139.65, 140.45, 137.94, 138.88, 139.14, 139.68, 138.8, 138.88, 138.48, 138.23, 138.25, 138.13, 139.12, 138.85, 138.7, 139.96, 140.81, 141.63, 141.75, 141.37, 143.03, 142.98, 142.95, 141.75, 142.13, 142.84, 142, 139.9, 140.75],
[184.75, 188.75, 197.25, 194.75, 223, 230.5, 229.25, 232.5, 238, 239.5, 230, 225.25, 235, 270, 265.75, 265, 260, 275, 269, 263, 262.5, 269, 262.75, 278.75, 288, 276, 275.5, 270, 270.75, 264.5, 273.25, 274, 280, 268, 253, 266.5, 265.75, 268.25, 270.5, 266, 259, 257, 255.5, 263, 267.75, 288, 272.5, 281.25, 274.75, 274.75, 279.75, 285.25, 291.5],
[141, 150, 159.75, 147, 162, 174, 175.75, 194, 184.5, 191.25, 190, 189.5, 195, 200, 195.25, 190.5, 193, 191.75, 187, 174.25, 180, 183, 186.5, 212, 201.75, 213, 206, 210.75, 217.5, 205.75, 220, 219, 215, 201, 197.5, 201.5, 191.25, 212, 218.75, 217, 212.75, 214, 216.75, 220.75, 217.75, 233, 224.75, 241.5, 236.5, 244, 255, 256.75, 250.5],
[161.25, 161.5, 172.75, 170, 178.75, 182.5, 187.75, 191.5, 197, 200, 205, 204, 215, 223.25, 220, 210.25, 208, 211, 235, 228.75, 228, 232, 231, 250.75, 257.25, 256, 261, 246.5, 260, 252.5, 250.5, 264.75, 268, 257, 260, 259, 252.25, 242, 241.75, 246, 243.5, 247, 250.75, 253, 255, 268.25, 261.5, 264, 263, 267.25, 272, 275, 269.5],
[13.6, 7.77, 8.02, 6.35, 8.54, 8.41, 8.81, 15.07, 14.53, 15.79, 18.96, 16.47, 15.84, 19.14, 17.44, 16.03, 14.58, 16.76, 19.68, 23.32, 24.54, 24.54, 23.81, 24.05, 28.67, 32.07, 36.44, 33.04, 28.42, 22.59, 22.11, 23.08, 23.81, 21.86, 23.32, 23.56, 32.25, 32.5, 34, 31, 29.75, 29, 30, 34.25, 34.25, 41.5, 42.75, 41.75, 40, 43, 42, 46.25, 45.75],
[227.5, 220, 226, 225.5, 233.5, 242.5, 237, 256, 257.5, 269.5, 266.5, 267.5, 270, 275, 269, 264, 258.5, 258, 280, 272.5, 272, 276, 274.5, 272.5, 278.5, 294.5, 296.5, 290.5, 277.5, 279.5, 290.5, 287, 287.5, 267.5, 265, 273.75, 263.5, 258.75, 261.75, 259, 253.25, 254, 249, 253, 260, 275.25, 262, 255, 262.75, 263.5, 269.5, 273, 286],
[68, 55.5, 57.5, 58, 58.5, 58, 57, 60.5, 64, 57, 49.5, 55, 69.5, 65.5, 63.5, 58.5, 58.5, 59.5, 59, 55.5, 54.5, 54.5, 33.5, 37.5, 41.5, 42.5, 44, 41.5, 39.5, 38, 40.25, 40.75, 41.25, 39.25, 46, 42.5, 39.5, 42, 45.5, 44.5, 54.5, 60.5, 61.5, 55.5, 53.5, 54.75, 56, 55, 58, 56.5, 66, 65.5, 68],
[317.46, 310.5, 327.89, 340.31, 356.21, 351.74, 345.28, 358.69, 374.09, 380.06, 386.51, 383.53, 380.06, 388, 392.48, 391.98, 376.58, 377.07, 356.21, 371.11, 374.59, 375.09, 385.02, 394.96, 401.91, 414.83, 364.65, 361.18, 368.63, 350.74, 349.25, 372.6, 371.61, 372.6, 377.57, 369.13, 356.71, 353.72, 351.74, 334.85, 341.3, 364.65, 366.14, 373.6, 362.67, 366.39, 361.67, 363.66, 380.06, 389, 397.19, 395.46, 394.46],
[195.72, 202.74, 202.24, 185.18, 190.2, 194.71, 205.75, 227.33, 230.34, 224.82, 232.85, 241.89, 237.87, 239.38, 238.37, 237.37, 237.37, 258.45, 244.9, 261.96, 269.49, 282.53, 263.46, 258.95, 278.52, 269.49, 288.56, 297.59, 303.61, 285.04, 283.04, 282.53, 283.54, 267.98, 279.77, 266.98, 262.96, 265.72, 301.1, 289.06, 285.55, 271.74, 278.52, 279.02, 284.54, 292.32, 299.6, 309.13, 339.24, 334.22, 327.7, 321.18, 317.66],
[271.69, 277.64, 292.51, 287.55, 297.47, 310.36, 277.88, 292.51, 300.44, 327.21, 332.17, 327.96, 342.09, 331.18, 328.21, 352.25, 353.49, 351.01, 373.82, 372.83, 361.92, 381.75, 377.78, 387.2, 394.64, 401.58, 395.14, 391.67, 394.39, 382.74, 381.75, 381.01, 374.56, 369.85, 379.77, 392.66, 376.79, 380.02, 376.3, 395.38, 392.66, 411.25, 404.8, 416.46, 430.34, 441.24, 419.43, 413.98, 415.71, 421.41, 411.5, 420.17, 403.32],
[226, 250.75, 262.75, 257, 294.75, 280, 290, 291.75, 306.5, 316.5, 312.25, 309.5, 332.5, 353.5, 348.5, 335, 324.5, 339, 344, 338, 347.25, 364.25, 350, 371.5, 385.75, 382, 373.75, 344.5, 347.75, 323.75, 335, 342.75, 347, 332, 353, 355, 350, 340.25, 345, 330.25, 332.25, 319.25, 322.25, 331.75, 339.75, 361.5, 348.75, 356.5, 352.5, 354, 358.25, 351.25, 355]]
[3436.05, 3722.27, 3743.27, 3613.28, 3935.82, 3849.41, 3889.22, 3940.25, 3952.59, 3987.44, 3941.34, 3979.84, 4129.28, 4129.09, 4152.90, 4087.89, 4031.17, 4074.77, 4127.64, 4044.28, 4148.82, 4100.05, 4176.66, 4272.12, 4225.89, 4204.43, 4292.09, 4260.92, 4228.15, 4142.72, 4270.10, 4362.34, 4347.55, 4251.31, 4332.57, 4341.76, 4338.88, 4382.35, 4410.03, 4359.84, 4347.99, 4423.98, 4457.49, 4513.25, 4449.61, 4518.14, 4445.48, 4381.37, 4434.42, 4408.12, 4524.31, 4537.00, 4553.75]